AL, 98, 2025081318, 01, CARQ, -24, 153N,  831W,  20,    0, DB,  34, AAA,    0,    0,    0,    0,    0,    0,   0,   0,   0,   L,   0,   X,   0,   0,     INVEST,  , 
AL, 98, 2025081318, 01, CARQ, -18, 164N,  857W,  20,    0, DB,  34, AAA,    0,    0,    0,    0,    0,    0,   0,   0,   0,   L,   0,   X,   0,   0,     INVEST,  , 
AL, 98, 2025081318, 01, CARQ, -12, 173N,  873W,  20,    0, DB,  34, AAA,    0,    0,    0,    0,    0,    0,   0,   0,   0,   L,   0,   X, 297,  17,     INVEST,  , 
AL, 98, 2025081318, 01, CARQ,  -6, 179N,  889W,  20,    0, DB,  34, AAA,    0,    0,    0,    0,    0,    0,   0,   0,   0,   L,   0,   X,   0,   0,     INVEST,  , 
AL, 98, 2025081318, 01, CARQ,   0, 184N,  899W,  20, 1012, DB,  34, NEQ,    0,    0,    0,    0, 1015,  150, 100,   0,   0,   L,   0,   X, 300,  15,     INVEST, S, 
AL, 98, 2025081318, 01, CARQ,   0, 184N,  899W,  20, 1012, DB,  50, NEQ,    0,    0,    0,    0, 1015,  150, 100,   0,   0,   L,   0,   X, 300,  15,     INVEST, S, 
AL, 98, 2025081318, 01, CARQ,   0, 184N,  899W,  20, 1012, DB,  64, NEQ,    0,    0,    0,    0, 1015,  150, 100,   0,   0,   L,   0,   X, 300,  15,     INVEST, S, 
AL, 98, 2025081318, 03, CLP5,  12, 197N,  923W,   0,    0,   ,   0,    ,    0,    0,    0,    0, 
AL, 98, 2025081318, 03, CLP5,  24, 207N,  942W,   0,    0,   ,   0,    ,    0,    0,    0,    0, 
AL, 98, 2025081318, 03, CLP5,  36, 217N,  955W,   0,    0,   ,   0,    ,    0,    0,    0,    0, 
AL, 98, 2025081318, 03, CLP5,  48, 224N,  963W,   0,    0,   ,   0,    ,    0,    0,    0,    0, 
AL, 98, 2025081318, 03, CLP5,  60, 231N,  972W,   0,    0,   ,   0,    ,    0,    0,    0,    0, 
AL, 98, 2025081318, 03, CLP5,  72, 239N,  978W,   0,    0,   ,   0,    ,    0,    0,    0,    0, 
AL, 98, 2025081318, 03, CLP5,  84, 248N,  981W,   0,    0,   ,   0,    ,    0,    0,    0,    0, 
AL, 98, 2025081318, 03, CLP5,  96, 257N,  983W,   0,    0,   ,   0,    ,    0,    0,    0,    0, 
AL, 98, 2025081318, 03, CLP5, 108, 267N,  988W,   0,    0,   ,   0,    ,    0,    0,    0,    0, 
AL, 98, 2025081318, 03, CLP5, 120, 276N,  996W,   0,    0,   ,   0,    ,    0,    0,    0,    0, 
AL, 98, 2025081318, 03, CTCX,   0, 183N,  904W,  17, 1013, XX,  34, NEQ,    0,    0,    0,    0,    0,    0,  79,   0,   0, 
AL, 98, 2025081318, 03, DSHP,   0, 184N,  898W,  20,    0, TD,   0,    ,    0,    0,    0,    0, 
AL, 98, 2025081318, 03, DSHP,  12, 195N,  921W,  25,    0, TD,   0,    ,    0,    0,    0,    0, 
AL, 98, 2025081318, 03, DSHP,  24, 207N,  941W,  27,    0, TD,   0,    ,    0,    0,    0,    0, 
AL, 98, 2025081318, 03, DSHP,  36, 219N,  958W,  34,    0, TS,   0,    ,    0,    0,    0,    0, 
AL, 98, 2025081318, 03, GDMN,   0, 184N,  899W,  19, 1012, XX,  34, NEQ,    0,    0,    0,    0,    0,    0, 100,   0,   0, 
AL, 98, 2025081318, 03, HCCA,   0, 184N,  899W,  20,    0,   ,   0,    ,    0,    0,    0,    0, 
AL, 98, 2025081318, 03, IVCN,   0,   0N,    0W,  20,    0,   ,   0,    ,    0,    0,    0,    0, 
AL, 98, 2025081318, 03, IVCN,  12,   0N,    0W,  26,    0,   ,   0,    ,    0,    0,    0,    0, 
AL, 98, 2025081318, 03, IVCN,  24,   0N,    0W,  28,    0,   ,   0,    ,    0,    0,    0,    0, 
AL, 98, 2025081318, 03, IVCN,  36,   0N,    0W,  33,    0,   ,   0,    ,    0,    0,    0,    0, 
AL, 98, 2025081318, 03, LGEM,   0, 184N,  898W,  20,    0, TD,   0,    ,    0,    0,    0,    0, 
AL, 98, 2025081318, 03, LGEM,  12, 195N,  921W,  26,    0, TD,   0,    ,    0,    0,    0,    0, 
AL, 98, 2025081318, 03, LGEM,  24, 207N,  941W,  29,    0, TD,   0,    ,    0,    0,    0,    0, 
AL, 98, 2025081318, 03, LGEM,  36, 219N,  958W,  32,    0, TD,   0,    ,    0,    0,    0,    0, 
AL, 98, 2025081318, 03, NNIB,   0, 184N,  899W,  20,    0, TD,   0,    ,    0,    0,    0,    0, 
AL, 98, 2025081318, 03, NNIB,  12, 189N,  911W,  26,    0, TD,   0,    ,    0,    0,    0,    0, 
AL, 98, 2025081318, 03, NNIB,  24, 195N,  922W,  28,    0, TD,   0,    ,    0,    0,    0,    0, 
AL, 98, 2025081318, 03, NNIB,  36, 201N,  932W,  33,    0, TD,   0,    ,    0,    0,    0,    0, 
AL, 98, 2025081318, 03, NNIC,   0, 184N,  899W,  20,    0, TD,   0,    ,    0,    0,    0,    0, 
AL, 98, 2025081318, 03, NNIC,  12, 189N,  911W,  28,    0, TD,   0,    ,    0,    0,    0,    0, 
AL, 98, 2025081318, 03, NNIC,  24, 195N,  922W,  31,    0, TD,   0,    ,    0,    0,    0,    0, 
AL, 98, 2025081318, 03, NNIC,  36, 201N,  932W,  39,    0, TS,   0,    ,    0,    0,    0,    0, 
AL, 98, 2025081318, 03, OCD5,   0, 184N,  899W,  20,    0,   ,   0,    ,    0,    0,    0,    0, 
AL, 98, 2025081318, 03, OCD5,  12, 197N,  923W,  28,    0,   ,   0,    ,    0,    0,    0,    0, 
AL, 98, 2025081318, 03, OCD5,  24, 207N,  942W,  35,    0,   ,   0,    ,    0,    0,    0,    0, 
AL, 98, 2025081318, 03, OCD5,  36, 217N,  955W,  42,    0,   ,   0,    ,    0,    0,    0,    0, 
AL, 98, 2025081318, 03, OCD5,  48, 224N,  963W,  47,    0,   ,   0,    ,    0,    0,    0,    0, 
AL, 98, 2025081318, 03, OCD5,  60, 231N,  972W,  52,    0,   ,   0,    ,    0,    0,    0,    0, 
AL, 98, 2025081318, 03, OCD5,  72, 239N,  978W,  47,    0,   ,   0,    ,    0,    0,    0,    0, 
AL, 98, 2025081318, 03, OCD5,  84, 248N,  981W,  36,    0,   ,   0,    ,    0,    0,    0,    0, 
AL, 98, 2025081318, 03, OCD5,  96, 257N,  983W,  30,    0,   ,   0,    ,    0,    0,    0,    0, 
AL, 98, 2025081318, 03, OCD5, 108, 267N,  988W,  28,    0,   ,   0,    ,    0,    0,    0,    0, 
AL, 98, 2025081318, 03, OCD5, 120, 276N,  996W,  27,    0,   ,   0,    ,    0,    0,    0,    0, 
AL, 98, 2025081318, 03, SHF5,   0,   0N,    0W,  20,    0,   ,   0,    ,    0,    0,    0,    0, 
AL, 98, 2025081318, 03, SHF5,  12,   0N,    0W,  25,    0,   ,   0,    ,    0,    0,    0,    0, 
AL, 98, 2025081318, 03, SHF5,  24,   0N,    0W,  32,    0,   ,   0,    ,    0,    0,    0,    0, 
AL, 98, 2025081318, 03, SHF5,  36,   0N,    0W,  39,    0,   ,   0,    ,    0,    0,    0,    0, 
AL, 98, 2025081318, 03, SHF5,  48,   0N,    0W,  44,    0,   ,   0,    ,    0,    0,    0,    0, 
AL, 98, 2025081318, 03, SHF5,  60,   0N,    0W,  49,    0,   ,   0,    ,    0,    0,    0,    0, 
AL, 98, 2025081318, 03, SHF5,  72,   0N,    0W,  52,    0,   ,   0,    ,    0,    0,    0,    0, 
AL, 98, 2025081318, 03, SHF5,  84,   0N,    0W,  50,    0,   ,   0,    ,    0,    0,    0,    0, 
AL, 98, 2025081318, 03, SHF5,  96,   0N,    0W,  54,    0,   ,   0,    ,    0,    0,    0,    0, 
AL, 98, 2025081318, 03, SHF5, 108,   0N,    0W,  53,    0,   ,   0,    ,    0,    0,    0,    0, 
AL, 98, 2025081318, 03, SHF5, 120,   0N,    0W,  62,    0,   ,   0,    ,    0,    0,    0,    0, 
AL, 98, 2025081318, 03, SHIP,   0, 184N,  898W,  20,    0, TD,   0,    ,    0,    0,    0,    0, 
AL, 98, 2025081318, 03, SHIP,  12, 195N,  921W,  19,    0, TD,   0,    ,    0,    0,    0,    0, 
AL, 98, 2025081318, 03, SHIP,  24, 207N,  941W,  21,    0, TD,   0,    ,    0,    0,    0,    0, 
AL, 98, 2025081318, 03, SHIP,  36, 219N,  958W,  28,    0, TD,   0,    ,    0,    0,    0,    0, 
AL, 98, 2025081318, 03, TABD,   0, 184N,  899W,   0,    0,   ,   0,    ,    0,    0,    0,    0, 
AL, 98, 2025081318, 03, TABD,   6, 190N,  911W,   0,    0,   ,   0,    ,    0,    0,    0,    0, 
AL, 98, 2025081318, 03, TABD,  12, 195N,  922W,   0,    0,   ,   0,    ,    0,    0,    0,    0, 
AL, 98, 2025081318, 03, TABD,  18, 199N,  932W,   0,    0,   ,   0,    ,    0,    0,    0,    0, 
AL, 98, 2025081318, 03, TABD,  24, 203N,  942W,   0,    0,   ,   0,    ,    0,    0,    0,    0, 
AL, 98, 2025081318, 03, TABD,  30, 208N,  952W,   0,    0,   ,   0,    ,    0,    0,    0,    0, 
AL, 98, 2025081318, 03, TABD,  36, 212N,  961W,   0,    0,   ,   0,    ,    0,    0,    0,    0, 
AL, 98, 2025081318, 03, TABD,  42, 215N,  970W,   0,    0,   ,   0,    ,    0,    0,    0,    0, 
AL, 98, 2025081318, 03, TABM,   0, 184N,  899W,   0,    0,   ,   0,    ,    0,    0,    0,    0, 
AL, 98, 2025081318, 03, TABM,   6, 189N,  911W,   0,    0,   ,   0,    ,    0,    0,    0,    0, 
AL, 98, 2025081318, 03, TABM,  12, 195N,  922W,   0,    0,   ,   0,    ,    0,    0,    0,    0, 
AL, 98, 2025081318, 03, TABM,  18, 201N,  932W,   0,    0,   ,   0,    ,    0,    0,    0,    0, 
AL, 98, 2025081318, 03, TABM,  24, 207N,  942W,   0,    0,   ,   0,    ,    0,    0,    0,    0, 
AL, 98, 2025081318, 03, TABM,  30, 213N,  950W,   0,    0,   ,   0,    ,    0,    0,    0,    0, 
AL, 98, 2025081318, 03, TABM,  36, 219N,  959W,   0,    0,   ,   0,    ,    0,    0,    0,    0, 
AL, 98, 2025081318, 03, TABM,  42, 226N,  968W,   0,    0,   ,   0,    ,    0,    0,    0,    0, 
AL, 98, 2025081318, 03, TABS,   0, 184N,  899W,   0,    0,   ,   0,    ,    0,    0,    0,    0, 
AL, 98, 2025081318, 03, TABS,   6, 189N,  912W,   0,    0,   ,   0,    ,    0,    0,    0,    0, 
AL, 98, 2025081318, 03, TABS,  12, 195N,  923W,   0,    0,   ,   0,    ,    0,    0,    0,    0, 
AL, 98, 2025081318, 03, TABS,  18, 202N,  932W,   0,    0,   ,   0,    ,    0,    0,    0,    0, 
AL, 98, 2025081318, 03, TABS,  24, 210N,  940W,   0,    0,   ,   0,    ,    0,    0,    0,    0, 
AL, 98, 2025081318, 03, TABS,  30, 216N,  948W,   0,    0,   ,   0,    ,    0,    0,    0,    0, 
AL, 98, 2025081318, 03, TABS,  36, 224N,  958W,   0,    0,   ,   0,    ,    0,    0,    0,    0, 
AL, 98, 2025081318, 03, TABS,  42, 235N,  966W,   0,    0,   ,   0,    ,    0,    0,    0,    0, 
AL, 98, 2025081318, 03, TCLP,   0, 184N,  899W,  20,    0,   ,   0,    ,    0,    0,    0,    0, 
AL, 98, 2025081318, 03, TCLP,  12, 198N,  925W,  26,    0,   ,   0,    ,    0,    0,    0,    0, 
AL, 98, 2025081318, 03, TCLP,  24, 210N,  949W,  29,    0,   ,   0,    ,    0,    0,    0,    0, 
AL, 98, 2025081318, 03, TCLP,  36, 221N,  970W,  31,    0,   ,   0,    ,    0,    0,    0,    0, 
AL, 98, 2025081318, 03, TCLP,  48, 231N,  990W,  28,    0,   ,   0,    ,    0,    0,    0,    0, 
AL, 98, 2025081318, 03, TCLP,  60, 241N, 1009W,  27,    0,   ,   0,    ,    0,    0,    0,    0, 
AL, 98, 2025081318, 03, TCLP,  72, 249N, 1028W,  27,    0,   ,   0,    ,    0,    0,    0,    0, 
AL, 98, 2025081318, 03, TCLP,  84, 257N, 1045W,  27,    0,   ,   0,    ,    0,    0,    0,    0, 
AL, 98, 2025081318, 03, TCLP,  96, 265N, 1062W,  27,    0,   ,   0,    ,    0,    0,    0,    0, 
AL, 98, 2025081318, 03, TCLP, 108, 273N, 1078W,  27,    0,   ,   0,    ,    0,    0,    0,    0, 
AL, 98, 2025081318, 03, XTRP,   0, 184N,  899W,   0,    0,   ,   0,    ,    0,    0,    0,    0, 
AL, 98, 2025081318, 03, XTRP,  12, 195N,  924W,   0,    0,   ,   0,    ,    0,    0,    0,    0, 
AL, 98, 2025081318, 03, XTRP,  24, 206N,  950W,   0,    0,   ,   0,    ,    0,    0,    0,    0, 
AL, 98, 2025081318, 03, XTRP,  36, 217N,  977W,   0,    0,   ,   0,    ,    0,    0,    0,    0, 
AL, 98, 2025081318, 03, XTRP,  48, 228N, 1004W,   0,    0,   ,   0,    ,    0,    0,    0,    0, 
AL, 98, 2025081318, 03, XTRP,  60, 239N, 1031W,   0,    0,   ,   0,    ,    0,    0,    0,    0, 
AL, 98, 2025081318, 03, XTRP,  72, 250N, 1058W,   0,    0,   ,   0,    ,    0,    0,    0,    0, 
AL, 98, 2025081318, 03, XTRP,  84, 261N, 1085W,   0,    0,   ,   0,    ,    0,    0,    0,    0, 
AL, 98, 2025081318, 03, XTRP,  96, 272N, 1113W,   0,    0,   ,   0,    ,    0,    0,    0,    0, 
AL, 98, 2025081318, 03, XTRP, 108, 283N, 1141W,   0,    0,   ,   0,    ,    0,    0,    0,    0, 
AL, 98, 2025081318, 03, XTRP, 120, 294N, 1169W,   0,    0,   ,   0,    ,    0,    0,    0,    0, 
AL, 98, 2025081318, 03, XTRP, 132, 305N, 1198W,   0,    0,   ,   0,    ,    0,    0,    0,    0, 
AL, 98, 2025081318, 03, XTRP, 144, 316N, 1227W,   0,    0,   ,   0,    ,    0,    0,    0,    0, 
AL, 98, 2025081318, 03, XTRP, 156, 327N, 1256W,   0,    0,   ,   0,    ,    0,    0,    0,    0, 
AL, 98, 2025081318, 03, XTRP, 168, 338N, 1285W,   0,    0,   ,   0,    ,    0,    0,    0,    0, 
AL, 98, 2025081400, 01, CARQ, -24, 164N,  857W,  20,    0, DB,  34, AAA,    0,    0,    0,    0,    0,    0,   0,   0,   0,   L,   0,   X,   0,   0,     INVEST,  , 
AL, 98, 2025081400, 01, CARQ, -18, 173N,  873W,  20,    0, DB,  34, AAA,    0,    0,    0,    0,    0,    0,   0,   0,   0,   L,   0,   X,   0,   0,     INVEST,  , 
AL, 98, 2025081400, 01, CARQ, -12, 179N,  889W,  20,    0, DB,  34, AAA,    0,    0,    0,    0,    0,    0,   0,   0,   0,   L,   0,   X, 294,  14,     INVEST,  , 
AL, 98, 2025081400, 01, CARQ,  -6, 184N,  899W,  20,    0, DB,  34, AAA,    0,    0,    0,    0,    0,    0,   0,   0,   0,   L,   0,   X,   0,   0,     INVEST,  , 
AL, 98, 2025081400, 01, CARQ,   0, 189N,  907W,  20, 1011, DB,  34, NEQ,    0,    0,    0,    0, 1015,  150,  90,   0,   0,   L,   0,   X, 300,  12,     INVEST, S, 
AL, 98, 2025081400, 01, CARQ,   0, 189N,  907W,  20, 1011, DB,  50, NEQ,    0,    0,    0,    0, 1015,  150,  90,   0,   0,   L,   0,   X, 300,  12,     INVEST, S, 
AL, 98, 2025081400, 01, CARQ,   0, 189N,  907W,  20, 1011, DB,  64, NEQ,    0,    0,    0,    0, 1015,  150,  90,   0,   0,   L,   0,   X, 300,  12,     INVEST, S, 
AL, 98, 2025081400, 03, CLP5,  12, 200N,  927W,   0,    0,   ,   0,    ,    0,    0,    0,    0, 
AL, 98, 2025081400, 03, CLP5,  24, 209N,  942W,   0,    0,   ,   0,    ,    0,    0,    0,    0, 
AL, 98, 2025081400, 03, CLP5,  36, 218N,  954W,   0,    0,   ,   0,    ,    0,    0,    0,    0, 
AL, 98, 2025081400, 03, CLP5,  48, 225N,  960W,   0,    0,   ,   0,    ,    0,    0,    0,    0, 
AL, 98, 2025081400, 03, CLP5,  60, 233N,  968W,   0,    0,   ,   0,    ,    0,    0,    0,    0, 
AL, 98, 2025081400, 03, CLP5,  72, 241N,  971W,   0,    0,   ,   0,    ,    0,    0,    0,    0, 
AL, 98, 2025081400, 03, CLP5,  84, 251N,  973W,   0,    0,   ,   0,    ,    0,    0,    0,    0, 
AL, 98, 2025081400, 03, CLP5,  96, 260N,  975W,   0,    0,   ,   0,    ,    0,    0,    0,    0, 
AL, 98, 2025081400, 03, CLP5, 108, 270N,  979W,   0,    0,   ,   0,    ,    0,    0,    0,    0, 
AL, 98, 2025081400, 03, CLP5, 120, 279N,  985W,   0,    0,   ,   0,    ,    0,    0,    0,    0, 
AL, 98, 2025081400, 03, DSHP,   0, 189N,  906W,  20,    0, TD,   0,    ,    0,    0,    0,    0, 
AL, 98, 2025081400, 03, DSHP,  12, 201N,  926W,  22,    0, TD,   0,    ,    0,    0,    0,    0, 
AL, 98, 2025081400, 03, DSHP,  24, 214N,  946W,  24,    0, TD,   0,    ,    0,    0,    0,    0, 
AL, 98, 2025081400, 03, DSHP,  36, 227N,  963W,  30,    0, TD,   0,    ,    0,    0,    0,    0, 
AL, 98, 2025081400, 03, DSHP,  48, 242N,  980W,  31,    0, TD,   0,    ,    0,    0,    0,    0, 
AL, 98, 2025081400, 03, DSHP,  60, 252N,  993W,  28,    0, TD,   0,    ,    0,    0,    0,    0, 
AL, 98, 2025081400, 03, DSHP,  72, 261N, 1007W,  27,    0, TD,   0,    ,    0,    0,    0,    0, 
AL, 98, 2025081400, 03, DSHP,  84, 267N, 1023W,  27,    0, TD,   0,    ,    0,    0,    0,    0, 
AL, 98, 2025081400, 03, DSHP,  96, 275N, 1040W,  27,    0, TD,   0,    ,    0,    0,    0,    0, 
AL, 98, 2025081400, 03, DSHP, 108, 281N, 1057W,  27,    0, TD,   0,    ,    0,    0,    0,    0, 
AL, 98, 2025081400, 03, DSHP, 120, 287N, 1073W,  27,    0, TD,   0,    ,    0,    0,    0,    0, 
AL, 98, 2025081400, 03, DSHP, 132, 291N, 1090W,  27,    0, TD,   0,    ,    0,    0,    0,    0, 
AL, 98, 2025081400, 03, DSHP, 144, 294N, 1110W,  27,    0, TD,   0,    ,    0,    0,    0,    0, 
AL, 98, 2025081400, 03, DSHP, 156, 298N, 1133W,  30,    0, TD,   0,    ,    0,    0,    0,    0, 
AL, 98, 2025081400, 03, DSHP, 168, 303N, 1154W,  27,    0, TD,   0,    ,    0,    0,    0,    0, 
AL, 98, 2025081400, 03, HCCA,   0, 189N,  907W,  20,    0,   ,   0,    ,    0,    0,    0,    0, 
AL, 98, 2025081400, 03, IVCN,   0,   0N,    0W,  20,    0,   ,   0,    ,    0,    0,    0,    0, 
AL, 98, 2025081400, 03, IVCN,  12,   0N,    0W,  23,    0,   ,   0,    ,    0,    0,    0,    0, 
AL, 98, 2025081400, 03, IVCN,  24,   0N,    0W,  25,    0,   ,   0,    ,    0,    0,    0,    0, 
AL, 98, 2025081400, 03, IVCN,  36,   0N,    0W,  30,    0,   ,   0,    ,    0,    0,    0,    0, 
AL, 98, 2025081400, 03, IVCN,  48,   0N,    0W,  30,    0,   ,   0,    ,    0,    0,    0,    0, 
AL, 98, 2025081400, 03, IVCN,  60,   0N,    0W,  28,    0,   ,   0,    ,    0,    0,    0,    0, 
AL, 98, 2025081400, 03, IVCN,  72,   0N,    0W,  27,    0,   ,   0,    ,    0,    0,    0,    0, 
AL, 98, 2025081400, 03, IVCN,  84,   0N,    0W,  27,    0,   ,   0,    ,    0,    0,    0,    0, 
AL, 98, 2025081400, 03, IVCN,  96,   0N,    0W,  27,    0,   ,   0,    ,    0,    0,    0,    0, 
AL, 98, 2025081400, 03, IVCN, 108,   0N,    0W,  27,    0,   ,   0,    ,    0,    0,    0,    0, 
AL, 98, 2025081400, 03, IVCN, 120,   0N,    0W,  27,    0,   ,   0,    ,    0,    0,    0,    0, 
AL, 98, 2025081400, 03, IVCN, 132,   0N,    0W,  27,    0,   ,   0,    ,    0,    0,    0,    0, 
AL, 98, 2025081400, 03, IVCN, 144,   0N,    0W,  27,    0,   ,   0,    ,    0,    0,    0,    0, 
AL, 98, 2025081400, 03, IVCN, 156,   0N,    0W,  30,    0,   ,   0,    ,    0,    0,    0,    0, 
AL, 98, 2025081400, 03, IVCN, 168,   0N,    0W,  26,    0,   ,   0,    ,    0,    0,    0,    0, 
AL, 98, 2025081400, 03, LGEM,   0, 189N,  906W,  20,    0, TD,   0,    ,    0,    0,    0,    0, 
AL, 98, 2025081400, 03, LGEM,  12, 201N,  926W,  24,    0, TD,   0,    ,    0,    0,    0,    0, 
AL, 98, 2025081400, 03, LGEM,  24, 214N,  946W,  26,    0, TD,   0,    ,    0,    0,    0,    0, 
AL, 98, 2025081400, 03, LGEM,  36, 227N,  963W,  29,    0, TD,   0,    ,    0,    0,    0,    0, 
AL, 98, 2025081400, 03, LGEM,  48, 242N,  980W,  28,    0, TD,   0,    ,    0,    0,    0,    0, 
AL, 98, 2025081400, 03, LGEM,  60, 252N,  993W,  27,    0, TD,   0,    ,    0,    0,    0,    0, 
AL, 98, 2025081400, 03, LGEM,  72, 261N, 1007W,  27,    0, TD,   0,    ,    0,    0,    0,    0, 
AL, 98, 2025081400, 03, LGEM,  84, 267N, 1023W,  27,    0, TD,   0,    ,    0,    0,    0,    0, 
AL, 98, 2025081400, 03, LGEM,  96, 275N, 1040W,  27,    0, TD,   0,    ,    0,    0,    0,    0, 
AL, 98, 2025081400, 03, LGEM, 108, 281N, 1057W,  27,    0, TD,   0,    ,    0,    0,    0,    0, 
AL, 98, 2025081400, 03, LGEM, 120, 287N, 1073W,  27,    0, TD,   0,    ,    0,    0,    0,    0, 
AL, 98, 2025081400, 03, LGEM, 132, 291N, 1090W,  27,    0, TD,   0,    ,    0,    0,    0,    0, 
AL, 98, 2025081400, 03, LGEM, 144, 294N, 1110W,  27,    0, TD,   0,    ,    0,    0,    0,    0, 
AL, 98, 2025081400, 03, LGEM, 156, 298N, 1133W,  29,    0, TD,   0,    ,    0,    0,    0,    0, 
AL, 98, 2025081400, 03, LGEM, 168, 303N, 1154W,  25,    0, TD,   0,    ,    0,    0,    0,    0, 
AL, 98, 2025081400, 03, NNIB,   0, 189N,  907W,  20,    0, TD,   0,    ,    0,    0,    0,    0, 
AL, 98, 2025081400, 03, NNIB,  12, 194N,  917W,  23,    0, TD,   0,    ,    0,    0,    0,    0, 
AL, 98, 2025081400, 03, NNIB,  24, 201N,  927W,  25,    0, TD,   0,    ,    0,    0,    0,    0, 
AL, 98, 2025081400, 03, NNIB,  36, 207N,  937W,  30,    0, TD,   0,    ,    0,    0,    0,    0, 
AL, 98, 2025081400, 03, NNIB,  48, 214N,  946W,  30,    0, TD,   0,    ,    0,    0,    0,    0, 
AL, 98, 2025081400, 03, NNIB,  60, 220N,  955W,  28,    0, TD,   0,    ,    0,    0,    0,    0, 
AL, 98, 2025081400, 03, NNIB,  72, 227N,  964W,  27,    0, TD,   0,    ,    0,    0,    0,    0, 
AL, 98, 2025081400, 03, NNIB,  84, 235N,  973W,  27,    0, TD,   0,    ,    0,    0,    0,    0, 
AL, 98, 2025081400, 03, NNIB,  96, 242N,  980W,  27,    0, TD,   0,    ,    0,    0,    0,    0, 
AL, 98, 2025081400, 03, NNIB, 108, 247N,  987W,  27,    0, TD,   0,    ,    0,    0,    0,    0, 
AL, 98, 2025081400, 03, NNIB, 120, 252N,  994W,  27,    0, TD,   0,    ,    0,    0,    0,    0, 
AL, 98, 2025081400, 03, NNIB, 132, 257N, 1001W,  27,    0, TD,   0,    ,    0,    0,    0,    0, 
AL, 98, 2025081400, 03, NNIB, 144, 261N, 1008W,  27,    0, TD,   0,    ,    0,    0,    0,    0, 
AL, 98, 2025081400, 03, NNIB, 156, 264N, 1016W,  30,    0, TD,   0,    ,    0,    0,    0,    0, 
AL, 98, 2025081400, 03, NNIB, 168, 267N, 1024W,  26,    0, TD,   0,    ,    0,    0,    0,    0, 
AL, 98, 2025081400, 03, NNIC,   0, 189N,  907W,  20,    0, TD,   0,    ,    0,    0,    0,    0, 
AL, 98, 2025081400, 03, NNIC,  12, 194N,  917W,  25,    0, TD,   0,    ,    0,    0,    0,    0, 
AL, 98, 2025081400, 03, NNIC,  24, 201N,  927W,  28,    0, TD,   0,    ,    0,    0,    0,    0, 
AL, 98, 2025081400, 03, NNIC,  36, 207N,  937W,  34,    0, TS,   0,    ,    0,    0,    0,    0, 
AL, 98, 2025081400, 03, NNIC,  48, 214N,  946W,  35,    0, TS,   0,    ,    0,    0,    0,    0, 
AL, 98, 2025081400, 03, NNIC,  60, 220N,  955W,  34,    0, TS,   0,    ,    0,    0,    0,    0, 
AL, 98, 2025081400, 03, NNIC,  72, 227N,  964W,  31,    0, TD,   0,    ,    0,    0,    0,    0, 
AL, 98, 2025081400, 03, NNIC,  84, 235N,  973W,  35,    0, TS,   0,    ,    0,    0,    0,    0, 
AL, 98, 2025081400, 03, NNIC,  96, 242N,  980W,  34,    0, TS,   0,    ,    0,    0,    0,    0, 
AL, 98, 2025081400, 03, NNIC, 108, 247N,  987W,  38,    0, TS,   0,    ,    0,    0,    0,    0, 
AL, 98, 2025081400, 03, NNIC, 120, 252N,  994W,  46,    0, TS,   0,    ,    0,    0,    0,    0, 
AL, 98, 2025081400, 03, NNIC, 132, 257N, 1001W,  38,    0, TS,   0,    ,    0,    0,    0,    0, 
AL, 98, 2025081400, 03, NNIC, 144, 261N, 1008W,  51,    0, TS,   0,    ,    0,    0,    0,    0, 
AL, 98, 2025081400, 03, NNIC, 156, 264N, 1016W,  41,    0, TS,   0,    ,    0,    0,    0,    0, 
AL, 98, 2025081400, 03, NNIC, 168, 267N, 1024W,  55,    0, TS,   0,    ,    0,    0,    0,    0, 
AL, 98, 2025081400, 03, OCD5,   0, 189N,  907W,  20,    0,   ,   0,    ,    0,    0,    0,    0, 
AL, 98, 2025081400, 03, OCD5,  12, 200N,  927W,  27,    0,   ,   0,    ,    0,    0,    0,    0, 
AL, 98, 2025081400, 03, OCD5,  24, 209N,  942W,  34,    0,   ,   0,    ,    0,    0,    0,    0, 
AL, 98, 2025081400, 03, OCD5,  36, 218N,  954W,  41,    0,   ,   0,    ,    0,    0,    0,    0, 
AL, 98, 2025081400, 03, OCD5,  48, 225N,  960W,  46,    0,   ,   0,    ,    0,    0,    0,    0, 
AL, 98, 2025081400, 03, OCD5,  60, 233N,  968W,  50,    0,   ,   0,    ,    0,    0,    0,    0, 
AL, 98, 2025081400, 03, OCD5,  72, 241N,  971W,  51,    0,   ,   0,    ,    0,    0,    0,    0, 
AL, 98, 2025081400, 03, OCD5,  84, 251N,  973W,  49,    0,   ,   0,    ,    0,    0,    0,    0, 
AL, 98, 2025081400, 03, OCD5,  96, 260N,  975W,  38,    0,   ,   0,    ,    0,    0,    0,    0, 
AL, 98, 2025081400, 03, OCD5, 108, 270N,  979W,  32,    0,   ,   0,    ,    0,    0,    0,    0, 
AL, 98, 2025081400, 03, OCD5, 120, 279N,  985W,  28,    0,   ,   0,    ,    0,    0,    0,    0, 
AL, 98, 2025081400, 03, SHF5,   0,   0N,    0W,  20,    0,   ,   0,    ,    0,    0,    0,    0, 
AL, 98, 2025081400, 03, SHF5,  12,   0N,    0W,  25,    0,   ,   0,    ,    0,    0,    0,    0, 
AL, 98, 2025081400, 03, SHF5,  24,   0N,    0W,  32,    0,   ,   0,    ,    0,    0,    0,    0, 
AL, 98, 2025081400, 03, SHF5,  36,   0N,    0W,  39,    0,   ,   0,    ,    0,    0,    0,    0, 
AL, 98, 2025081400, 03, SHF5,  48,   0N,    0W,  44,    0,   ,   0,    ,    0,    0,    0,    0, 
AL, 98, 2025081400, 03, SHF5,  60,   0N,    0W,  48,    0,   ,   0,    ,    0,    0,    0,    0, 
AL, 98, 2025081400, 03, SHF5,  72,   0N,    0W,  49,    0,   ,   0,    ,    0,    0,    0,    0, 
AL, 98, 2025081400, 03, SHF5,  84,   0N,    0W,  47,    0,   ,   0,    ,    0,    0,    0,    0, 
AL, 98, 2025081400, 03, SHF5,  96,   0N,    0W,  50,    0,   ,   0,    ,    0,    0,    0,    0, 
AL, 98, 2025081400, 03, SHF5, 108,   0N,    0W,  50,    0,   ,   0,    ,    0,    0,    0,    0, 
AL, 98, 2025081400, 03, SHF5, 120,   0N,    0W,  58,    0,   ,   0,    ,    0,    0,    0,    0, 
AL, 98, 2025081400, 03, SHIP,   0, 189N,  906W,  20,    0, TD,   0,    ,    0,    0,    0,    0, 
AL, 98, 2025081400, 03, SHIP,  12, 201N,  926W,  19,    0, TD,   0,    ,    0,    0,    0,    0, 
AL, 98, 2025081400, 03, SHIP,  24, 214N,  946W,  21,    0, TD,   0,    ,    0,    0,    0,    0, 
AL, 98, 2025081400, 03, SHIP,  36, 227N,  963W,  27,    0, TD,   0,    ,    0,    0,    0,    0, 
AL, 98, 2025081400, 03, SHIP,  48, 242N,  980W,  35,    0, TS,   0,    ,    0,    0,    0,    0, 
AL, 98, 2025081400, 03, SHIP,  60, 252N,  993W,  41,    0, TS,   0,    ,    0,    0,    0,    0, 
AL, 98, 2025081400, 03, SHIP,  72, 261N, 1007W,  45,    0, TS,   0,    ,    0,    0,    0,    0, 
AL, 98, 2025081400, 03, SHIP,  84, 267N, 1023W,  45,    0, TS,   0,    ,    0,    0,    0,    0, 
AL, 98, 2025081400, 03, SHIP,  96, 275N, 1040W,  45,    0, TS,   0,    ,    0,    0,    0,    0, 
AL, 98, 2025081400, 03, SHIP, 108, 281N, 1057W,  46,    0, TS,   0,    ,    0,    0,    0,    0, 
AL, 98, 2025081400, 03, SHIP, 120, 287N, 1073W,  47,    0, TS,   0,    ,    0,    0,    0,    0, 
AL, 98, 2025081400, 03, SHIP, 132, 291N, 1090W,  46,    0, TS,   0,    ,    0,    0,    0,    0, 
AL, 98, 2025081400, 03, SHIP, 144, 294N, 1110W,  43,    0, TS,   0,    ,    0,    0,    0,    0, 
AL, 98, 2025081400, 03, SHIP, 156, 298N, 1133W,  42,    0, TS,   0,    ,    0,    0,    0,    0, 
AL, 98, 2025081400, 03, SHIP, 168, 303N, 1154W,  42,    0, TS,   0,    ,    0,    0,    0,    0, 
AL, 98, 2025081400, 03, TABD,   0, 189N,  907W,   0,    0,   ,   0,    ,    0,    0,    0,    0, 
AL, 98, 2025081400, 03, TABD,   6, 194N,  917W,   0,    0,   ,   0,    ,    0,    0,    0,    0, 
AL, 98, 2025081400, 03, TABD,  12, 199N,  927W,   0,    0,   ,   0,    ,    0,    0,    0,    0, 
AL, 98, 2025081400, 03, TABD,  18, 203N,  937W,   0,    0,   ,   0,    ,    0,    0,    0,    0, 
AL, 98, 2025081400, 03, TABD,  24, 208N,  947W,   0,    0,   ,   0,    ,    0,    0,    0,    0, 
AL, 98, 2025081400, 03, TABD,  30, 212N,  957W,   0,    0,   ,   0,    ,    0,    0,    0,    0, 
AL, 98, 2025081400, 03, TABD,  36, 216N,  966W,   0,    0,   ,   0,    ,    0,    0,    0,    0, 
AL, 98, 2025081400, 03, TABD,  42, 219N,  976W,   0,    0,   ,   0,    ,    0,    0,    0,    0, 
AL, 98, 2025081400, 03, TABD,  48, 222N,  985W,   0,    0,   ,   0,    ,    0,    0,    0,    0, 
AL, 98, 2025081400, 03, TABD,  54, 224N,  993W,   0,    0,   ,   0,    ,    0,    0,    0,    0, 
AL, 98, 2025081400, 03, TABD,  60, 223N, 1002W,   0,    0,   ,   0,    ,    0,    0,    0,    0, 
AL, 98, 2025081400, 03, TABD,  66, 222N, 1011W,   0,    0,   ,   0,    ,    0,    0,    0,    0, 
AL, 98, 2025081400, 03, TABD,  72, 220N, 1021W,   0,    0,   ,   0,    ,    0,    0,    0,    0, 
AL, 98, 2025081400, 03, TABD,  78, 217N, 1031W,   0,    0,   ,   0,    ,    0,    0,    0,    0, 
AL, 98, 2025081400, 03, TABD,  84, 214N, 1041W,   0,    0,   ,   0,    ,    0,    0,    0,    0, 
AL, 98, 2025081400, 03, TABD,  90, 211N, 1050W,   0,    0,   ,   0,    ,    0,    0,    0,    0, 
AL, 98, 2025081400, 03, TABD,  96, 208N, 1060W,   0,    0,   ,   0,    ,    0,    0,    0,    0, 
AL, 98, 2025081400, 03, TABD, 102, 205N, 1070W,   0,    0,   ,   0,    ,    0,    0,    0,    0, 
AL, 98, 2025081400, 03, TABD, 108, 202N, 1079W,   0,    0,   ,   0,    ,    0,    0,    0,    0, 
AL, 98, 2025081400, 03, TABD, 114, 201N, 1088W,   0,    0,   ,   0,    ,    0,    0,    0,    0, 
AL, 98, 2025081400, 03, TABD, 120, 200N, 1098W,   0,    0,   ,   0,    ,    0,    0,    0,    0, 
AL, 98, 2025081400, 03, TABD, 126, 201N, 1108W,   0,    0,   ,   0,    ,    0,    0,    0,    0, 
AL, 98, 2025081400, 03, TABD, 132, 202N, 1117W,   0,    0,   ,   0,    ,    0,    0,    0,    0, 
AL, 98, 2025081400, 03, TABD, 138, 204N, 1127W,   0,    0,   ,   0,    ,    0,    0,    0,    0, 
AL, 98, 2025081400, 03, TABD, 144, 206N, 1137W,   0,    0,   ,   0,    ,    0,    0,    0,    0, 
AL, 98, 2025081400, 03, TABD, 150, 209N, 1147W,   0,    0,   ,   0,    ,    0,    0,    0,    0, 
AL, 98, 2025081400, 03, TABD, 156, 213N, 1156W,   0,    0,   ,   0,    ,    0,    0,    0,    0, 
AL, 98, 2025081400, 03, TABD, 162, 216N, 1164W,   0,    0,   ,   0,    ,    0,    0,    0,    0, 
AL, 98, 2025081400, 03, TABD, 168, 221N, 1172W,   0,    0,   ,   0,    ,    0,    0,    0,    0, 
AL, 98, 2025081400, 03, TABM,   0, 189N,  907W,   0,    0,   ,   0,    ,    0,    0,    0,    0, 
AL, 98, 2025081400, 03, TABM,   6, 194N,  917W,   0,    0,   ,   0,    ,    0,    0,    0,    0, 
AL, 98, 2025081400, 03, TABM,  12, 201N,  927W,   0,    0,   ,   0,    ,    0,    0,    0,    0, 
AL, 98, 2025081400, 03, TABM,  18, 207N,  937W,   0,    0,   ,   0,    ,    0,    0,    0,    0, 
AL, 98, 2025081400, 03, TABM,  24, 214N,  946W,   0,    0,   ,   0,    ,    0,    0,    0,    0, 
AL, 98, 2025081400, 03, TABM,  30, 220N,  955W,   0,    0,   ,   0,    ,    0,    0,    0,    0, 
AL, 98, 2025081400, 03, TABM,  36, 227N,  964W,   0,    0,   ,   0,    ,    0,    0,    0,    0, 
AL, 98, 2025081400, 03, TABM,  42, 235N,  973W,   0,    0,   ,   0,    ,    0,    0,    0,    0, 
AL, 98, 2025081400, 03, TABM,  48, 242N,  980W,   0,    0,   ,   0,    ,    0,    0,    0,    0, 
AL, 98, 2025081400, 03, TABM,  54, 247N,  987W,   0,    0,   ,   0,    ,    0,    0,    0,    0, 
AL, 98, 2025081400, 03, TABM,  60, 252N,  994W,   0,    0,   ,   0,    ,    0,    0,    0,    0, 
AL, 98, 2025081400, 03, TABM,  66, 257N, 1001W,   0,    0,   ,   0,    ,    0,    0,    0,    0, 
AL, 98, 2025081400, 03, TABM,  72, 261N, 1008W,   0,    0,   ,   0,    ,    0,    0,    0,    0, 
AL, 98, 2025081400, 03, TABM,  78, 264N, 1016W,   0,    0,   ,   0,    ,    0,    0,    0,    0, 
AL, 98, 2025081400, 03, TABM,  84, 267N, 1024W,   0,    0,   ,   0,    ,    0,    0,    0,    0, 
AL, 98, 2025081400, 03, TABM,  90, 271N, 1032W,   0,    0,   ,   0,    ,    0,    0,    0,    0, 
AL, 98, 2025081400, 03, TABM,  96, 275N, 1040W,   0,    0,   ,   0,    ,    0,    0,    0,    0, 
AL, 98, 2025081400, 03, TABM, 102, 278N, 1048W,   0,    0,   ,   0,    ,    0,    0,    0,    0, 
AL, 98, 2025081400, 03, TABM, 108, 281N, 1057W,   0,    0,   ,   0,    ,    0,    0,    0,    0, 
AL, 98, 2025081400, 03, TABM, 114, 284N, 1065W,   0,    0,   ,   0,    ,    0,    0,    0,    0, 
AL, 98, 2025081400, 03, TABM, 120, 287N, 1073W,   0,    0,   ,   0,    ,    0,    0,    0,    0, 
AL, 98, 2025081400, 03, TABM, 126, 289N, 1081W,   0,    0,   ,   0,    ,    0,    0,    0,    0, 
AL, 98, 2025081400, 03, TABM, 132, 291N, 1091W,   0,    0,   ,   0,    ,    0,    0,    0,    0, 
AL, 98, 2025081400, 03, TABM, 138, 292N, 1101W,   0,    0,   ,   0,    ,    0,    0,    0,    0, 
AL, 98, 2025081400, 03, TABM, 144, 294N, 1111W,   0,    0,   ,   0,    ,    0,    0,    0,    0, 
AL, 98, 2025081400, 03, TABM, 150, 296N, 1122W,   0,    0,   ,   0,    ,    0,    0,    0,    0, 
AL, 98, 2025081400, 03, TABM, 156, 298N, 1133W,   0,    0,   ,   0,    ,    0,    0,    0,    0, 
AL, 98, 2025081400, 03, TABM, 162, 300N, 1144W,   0,    0,   ,   0,    ,    0,    0,    0,    0, 
AL, 98, 2025081400, 03, TABM, 168, 303N, 1154W,   0,    0,   ,   0,    ,    0,    0,    0,    0, 
AL, 98, 2025081400, 03, TABS,   0, 189N,  907W,   0,    0,   ,   0,    ,    0,    0,    0,    0, 
AL, 98, 2025081400, 03, TABS,   6, 195N,  917W,   0,    0,   ,   0,    ,    0,    0,    0,    0, 
AL, 98, 2025081400, 03, TABS,  12, 202N,  927W,   0,    0,   ,   0,    ,    0,    0,    0,    0, 
AL, 98, 2025081400, 03, TABS,  18, 210N,  934W,   0,    0,   ,   0,    ,    0,    0,    0,    0, 
AL, 98, 2025081400, 03, TABS,  24, 217N,  943W,   0,    0,   ,   0,    ,    0,    0,    0,    0, 
AL, 98, 2025081400, 03, TABS,  30, 225N,  953W,   0,    0,   ,   0,    ,    0,    0,    0,    0, 
AL, 98, 2025081400, 03, TABS,  36, 236N,  961W,   0,    0,   ,   0,    ,    0,    0,    0,    0, 
AL, 98, 2025081400, 03, TABS,  42, 246N,  967W,   0,    0,   ,   0,    ,    0,    0,    0,    0, 
AL, 98, 2025081400, 03, TABS,  48, 254N,  975W,   0,    0,   ,   0,    ,    0,    0,    0,    0, 
AL, 98, 2025081400, 03, TABS,  54, 263N,  983W,   0,    0,   ,   0,    ,    0,    0,    0,    0, 
AL, 98, 2025081400, 03, TABS,  60, 274N,  990W,   0,    0,   ,   0,    ,    0,    0,    0,    0, 
AL, 98, 2025081400, 03, TABS,  66, 283N,  994W,   0,    0,   ,   0,    ,    0,    0,    0,    0, 
AL, 98, 2025081400, 03, TABS,  72, 291N,  999W,   0,    0,   ,   0,    ,    0,    0,    0,    0, 
AL, 98, 2025081400, 03, TABS,  78, 299N, 1005W,   0,    0,   ,   0,    ,    0,    0,    0,    0, 
AL, 98, 2025081400, 03, TABS,  84, 309N, 1008W,   0,    0,   ,   0,    ,    0,    0,    0,    0, 
AL, 98, 2025081400, 03, TABS,  90, 318N, 1008W,   0,    0,   ,   0,    ,    0,    0,    0,    0, 
AL, 98, 2025081400, 03, TABS,  96, 327N, 1010W,   0,    0,   ,   0,    ,    0,    0,    0,    0, 
AL, 98, 2025081400, 03, TABS, 102, 337N, 1012W,   0,    0,   ,   0,    ,    0,    0,    0,    0, 
AL, 98, 2025081400, 03, TABS, 108, 346N, 1011W,   0,    0,   ,   0,    ,    0,    0,    0,    0, 
AL, 98, 2025081400, 03, TABS, 114, 353N, 1010W,   0,    0,   ,   0,    ,    0,    0,    0,    0, 
AL, 98, 2025081400, 03, TABS, 120, 360N, 1011W,   0,    0,   ,   0,    ,    0,    0,    0,    0, 
AL, 98, 2025081400, 03, TABS, 126, 368N, 1011W,   0,    0,   ,   0,    ,    0,    0,    0,    0, 
AL, 98, 2025081400, 03, TABS, 132, 372N, 1008W,   0,    0,   ,   0,    ,    0,    0,    0,    0, 
AL, 98, 2025081400, 03, TABS, 138, 373N, 1006W,   0,    0,   ,   0,    ,    0,    0,    0,    0, 
AL, 98, 2025081400, 03, TABS, 144, 373N, 1009W,   0,    0,   ,   0,    ,    0,    0,    0,    0, 
AL, 98, 2025081400, 03, TABS, 150, 373N, 1012W,   0,    0,   ,   0,    ,    0,    0,    0,    0, 
AL, 98, 2025081400, 03, TABS, 156, 371N, 1013W,   0,    0,   ,   0,    ,    0,    0,    0,    0, 
AL, 98, 2025081400, 03, TABS, 162, 367N, 1016W,   0,    0,   ,   0,    ,    0,    0,    0,    0, 
AL, 98, 2025081400, 03, TABS, 168, 364N, 1021W,   0,    0,   ,   0,    ,    0,    0,    0,    0, 
AL, 98, 2025081400, 03, TCLP,   0, 189N,  907W,  20,    0,   ,   0,    ,    0,    0,    0,    0, 
AL, 98, 2025081400, 03, TCLP,  12, 200N,  928W,  25,    0,   ,   0,    ,    0,    0,    0,    0, 
AL, 98, 2025081400, 03, TCLP,  24, 211N,  948W,  27,    0,   ,   0,    ,    0,    0,    0,    0, 
AL, 98, 2025081400, 03, TCLP,  36, 220N,  967W,  29,    0,   ,   0,    ,    0,    0,    0,    0, 
AL, 98, 2025081400, 03, TCLP,  48, 229N,  984W,  27,    0,   ,   0,    ,    0,    0,    0,    0, 
AL, 98, 2025081400, 03, TCLP,  60, 238N, 1001W,  27,    0,   ,   0,    ,    0,    0,    0,    0, 
AL, 98, 2025081400, 03, TCLP,  72, 246N, 1018W,  27,    0,   ,   0,    ,    0,    0,    0,    0, 
AL, 98, 2025081400, 03, TCLP,  84, 254N, 1034W,  27,    0,   ,   0,    ,    0,    0,    0,    0, 
AL, 98, 2025081400, 03, TCLP,  96, 261N, 1050W,  27,    0,   ,   0,    ,    0,    0,    0,    0, 
AL, 98, 2025081400, 03, TCLP, 108, 269N, 1066W,  27,    0,   ,   0,    ,    0,    0,    0,    0, 
AL, 98, 2025081400, 03, XTRP,   0, 189N,  907W,   0,    0,   ,   0,    ,    0,    0,    0,    0, 
AL, 98, 2025081400, 03, XTRP,  12, 199N,  924W,   0,    0,   ,   0,    ,    0,    0,    0,    0, 
AL, 98, 2025081400, 03, XTRP,  24, 209N,  942W,   0,    0,   ,   0,    ,    0,    0,    0,    0, 
AL, 98, 2025081400, 03, XTRP,  36, 219N,  961W,   0,    0,   ,   0,    ,    0,    0,    0,    0, 
AL, 98, 2025081400, 03, XTRP,  48, 229N,  979W,   0,    0,   ,   0,    ,    0,    0,    0,    0, 
AL, 98, 2025081400, 03, XTRP,  60, 238N,  998W,   0,    0,   ,   0,    ,    0,    0,    0,    0, 
AL, 98, 2025081400, 03, XTRP,  72, 248N, 1017W,   0,    0,   ,   0,    ,    0,    0,    0,    0, 
AL, 98, 2025081400, 03, XTRP,  84, 258N, 1036W,   0,    0,   ,   0,    ,    0,    0,    0,    0, 
AL, 98, 2025081400, 03, XTRP,  96, 268N, 1055W,   0,    0,   ,   0,    ,    0,    0,    0,    0, 
AL, 98, 2025081400, 03, XTRP, 108, 278N, 1074W,   0,    0,   ,   0,    ,    0,    0,    0,    0, 
AL, 98, 2025081400, 03, XTRP, 120, 288N, 1094W,   0,    0,   ,   0,    ,    0,    0,    0,    0, 
AL, 98, 2025081400, 03, XTRP, 132, 298N, 1113W,   0,    0,   ,   0,    ,    0,    0,    0,    0, 
AL, 98, 2025081400, 03, XTRP, 144, 308N, 1133W,   0,    0,   ,   0,    ,    0,    0,    0,    0, 
AL, 98, 2025081400, 03, XTRP, 156, 318N, 1153W,   0,    0,   ,   0,    ,    0,    0,    0,    0, 
AL, 98, 2025081400, 03, XTRP, 168, 328N, 1174W,   0,    0,   ,   0,    ,    0,    0,    0,    0, 
