AL, 95, 2025100506, 01, CARQ, -24,  69N,  213W,  20,    0, DB,  34, AAA,    0,    0,    0,    0,    0,    0,   0,   0,   0,   L,   0,   X,   0,   0,     INVEST,  , 
AL, 95, 2025100506, 01, CARQ, -18,  72N,  226W,  20,    0, DB,  34, AAA,    0,    0,    0,    0,    0,    0,   0,   0,   0,   L,   0,   X,   0,   0,     INVEST,  , 
AL, 95, 2025100506, 01, CARQ, -12,  76N,  237W,  20,    0, DB,  34, AAA,    0,    0,    0,    0,    0,    0,   0,   0,   0,   L,   0,   X, 286,  11,     INVEST,  , 
AL, 95, 2025100506, 01, CARQ,  -6,  78N,  247W,  25,    0, DB,  34, AAA,    0,    0,    0,    0,    0,    0,   0,   0,   0,   L,   0,   X,   0,   0,     INVEST,  , 
AL, 95, 2025100506, 01, CARQ,   0,  80N,  259W,  25, 1011, DB,  34, NEQ,    0,    0,    0,    0, 1013,  210, 120,   0,   0,   L,   0,   X, 284,  13,     INVEST, S, 
AL, 95, 2025100506, 01, CARQ,   0,  80N,  259W,  25, 1011, DB,  50, NEQ,    0,    0,    0,    0, 1013,  210, 120,   0,   0,   L,   0,   X, 284,  13,     INVEST, S, 
AL, 95, 2025100506, 01, CARQ,   0,  80N,  259W,  25, 1011, DB,  64, NEQ,    0,    0,    0,    0, 1013,  210, 120,   0,   0,   L,   0,   X, 284,  13,     INVEST, S, 
AL, 95, 2025100506, 03, CLP5,  12,  85N,  285W,   0,    0,   ,   0,    ,    0,    0,    0,    0, 
AL, 95, 2025100506, 03, CLP5,  24,  93N,  312W,   0,    0,   ,   0,    ,    0,    0,    0,    0, 
AL, 95, 2025100506, 03, CLP5,  36,  98N,  338W,   0,    0,   ,   0,    ,    0,    0,    0,    0, 
AL, 95, 2025100506, 03, CLP5,  48, 108N,  362W,   0,    0,   ,   0,    ,    0,    0,    0,    0, 
AL, 95, 2025100506, 03, CLP5,  60, 108N,  385W,   0,    0,   ,   0,    ,    0,    0,    0,    0, 
AL, 95, 2025100506, 03, CLP5,  72, 108N,  407W,   0,    0,   ,   0,    ,    0,    0,    0,    0, 
AL, 95, 2025100506, 03, CLP5,  84, 114N,  433W,   0,    0,   ,   0,    ,    0,    0,    0,    0, 
AL, 95, 2025100506, 03, CLP5,  96, 126N,  461W,   0,    0,   ,   0,    ,    0,    0,    0,    0, 
AL, 95, 2025100506, 03, CLP5, 108, 141N,  491W,   0,    0,   ,   0,    ,    0,    0,    0,    0, 
AL, 95, 2025100506, 03, CLP5, 120, 151N,  519W,   0,    0,   ,   0,    ,    0,    0,    0,    0, 
AL, 95, 2025100506, 03, DSHP,   0,  80N,  258W,  25,    0, TD,   0,    ,    0,    0,    0,    0, 
AL, 95, 2025100506, 03, DSHP,  12,  86N,  288W,  31,    0, TD,   0,    ,    0,    0,    0,    0, 
AL, 95, 2025100506, 03, DSHP,  24,  94N,  322W,  35,    0, TS,   0,    ,    0,    0,    0,    0, 
AL, 95, 2025100506, 03, DSHP,  36, 104N,  361W,  42,    0, TS,   0,    ,    0,    0,    0,    0, 
AL, 95, 2025100506, 03, DSHP,  48, 112N,  401W,  49,    0, TS,   0,    ,    0,    0,    0,    0, 
AL, 95, 2025100506, 03, DSHP,  60, 120N,  442W,  57,    0, TS,   0,    ,    0,    0,    0,    0, 
AL, 95, 2025100506, 03, DSHP,  72, 125N,  482W,  65,    0, HU,   0,    ,    0,    0,    0,    0, 
AL, 95, 2025100506, 03, DSHP,  84, 131N,  520W,  70,    0, HU,   0,    ,    0,    0,    0,    0, 
AL, 95, 2025100506, 03, DSHP,  96, 138N,  551W,  73,    0, HU,   0,    ,    0,    0,    0,    0, 
AL, 95, 2025100506, 03, DSHP, 108, 149N,  577W,  76,    0, HU,   0,    ,    0,    0,    0,    0, 
AL, 95, 2025100506, 03, DSHP, 120, 163N,  598W,  80,    0, HU,   0,    ,    0,    0,    0,    0, 
AL, 95, 2025100506, 03, DSHP, 132, 176N,  613W,  83,    0, HU,   0,    ,    0,    0,    0,    0, 
AL, 95, 2025100506, 03, DSHP, 144, 189N,  625W,  87,    0, HU,   0,    ,    0,    0,    0,    0, 
AL, 95, 2025100506, 03, DSHP, 156, 205N,  633W,  93,    0, HU,   0,    ,    0,    0,    0,    0, 
AL, 95, 2025100506, 03, DSHP, 168, 223N,  641W,  98,    0, HU,   0,    ,    0,    0,    0,    0, 
AL, 95, 2025100506, 03, GDMN,   0,  80N,  259W,  25, 1011, XX,  34, NEQ,    0,    0,    0,    0,    0,    0, 120,   0,   0, 
AL, 95, 2025100506, 03, HCCA,   0,  80N,  259W,  25,    0,   ,   0,    ,    0,    0,    0,    0, 
AL, 95, 2025100506, 03, IVCN,   0,   0N,    0W,  25,    0,   ,   0,    ,    0,    0,    0,    0, 
AL, 95, 2025100506, 03, IVCN,  12,   0N,    0W,  31,    0,   ,   0,    ,    0,    0,    0,    0, 
AL, 95, 2025100506, 03, IVCN,  24,   0N,    0W,  35,    0,   ,   0,    ,    0,    0,    0,    0, 
AL, 95, 2025100506, 03, IVCN,  36,   0N,    0W,  40,    0,   ,   0,    ,    0,    0,    0,    0, 
AL, 95, 2025100506, 03, IVCN,  48,   0N,    0W,  46,    0,   ,   0,    ,    0,    0,    0,    0, 
AL, 95, 2025100506, 03, IVCN,  60,   0N,    0W,  52,    0,   ,   0,    ,    0,    0,    0,    0, 
AL, 95, 2025100506, 03, IVCN,  72,   0N,    0W,  57,    0,   ,   0,    ,    0,    0,    0,    0, 
AL, 95, 2025100506, 03, IVCN,  84,   0N,    0W,  61,    0,   ,   0,    ,    0,    0,    0,    0, 
AL, 95, 2025100506, 03, IVCN,  96,   0N,    0W,  65,    0,   ,   0,    ,    0,    0,    0,    0, 
AL, 95, 2025100506, 03, IVCN, 108,   0N,    0W,  67,    0,   ,   0,    ,    0,    0,    0,    0, 
AL, 95, 2025100506, 03, IVCN, 120,   0N,    0W,  70,    0,   ,   0,    ,    0,    0,    0,    0, 
AL, 95, 2025100506, 03, IVCN, 132,   0N,    0W,  74,    0,   ,   0,    ,    0,    0,    0,    0, 
AL, 95, 2025100506, 03, IVCN, 144,   0N,    0W,  78,    0,   ,   0,    ,    0,    0,    0,    0, 
AL, 95, 2025100506, 03, IVCN, 156,   0N,    0W,  84,    0,   ,   0,    ,    0,    0,    0,    0, 
AL, 95, 2025100506, 03, IVCN, 168,   0N,    0W,  89,    0,   ,   0,    ,    0,    0,    0,    0, 
AL, 95, 2025100506, 03, LGEM,   0,  80N,  258W,  25,    0, TD,   0,    ,    0,    0,    0,    0, 
AL, 95, 2025100506, 03, LGEM,  12,  86N,  288W,  30,    0, TD,   0,    ,    0,    0,    0,    0, 
AL, 95, 2025100506, 03, LGEM,  24,  94N,  322W,  34,    0, TS,   0,    ,    0,    0,    0,    0, 
AL, 95, 2025100506, 03, LGEM,  36, 104N,  361W,  38,    0, TS,   0,    ,    0,    0,    0,    0, 
AL, 95, 2025100506, 03, LGEM,  48, 112N,  401W,  42,    0, TS,   0,    ,    0,    0,    0,    0, 
AL, 95, 2025100506, 03, LGEM,  60, 120N,  442W,  46,    0, TS,   0,    ,    0,    0,    0,    0, 
AL, 95, 2025100506, 03, LGEM,  72, 125N,  482W,  49,    0, TS,   0,    ,    0,    0,    0,    0, 
AL, 95, 2025100506, 03, LGEM,  84, 131N,  520W,  52,    0, TS,   0,    ,    0,    0,    0,    0, 
AL, 95, 2025100506, 03, LGEM,  96, 138N,  551W,  56,    0, TS,   0,    ,    0,    0,    0,    0, 
AL, 95, 2025100506, 03, LGEM, 108, 149N,  577W,  58,    0, TS,   0,    ,    0,    0,    0,    0, 
AL, 95, 2025100506, 03, LGEM, 120, 163N,  598W,  60,    0, TS,   0,    ,    0,    0,    0,    0, 
AL, 95, 2025100506, 03, LGEM, 132, 176N,  613W,  64,    0, HU,   0,    ,    0,    0,    0,    0, 
AL, 95, 2025100506, 03, LGEM, 144, 189N,  625W,  69,    0, HU,   0,    ,    0,    0,    0,    0, 
AL, 95, 2025100506, 03, LGEM, 156, 205N,  633W,  74,    0, HU,   0,    ,    0,    0,    0,    0, 
AL, 95, 2025100506, 03, LGEM, 168, 223N,  641W,  80,    0, HU,   0,    ,    0,    0,    0,    0, 
AL, 95, 2025100506, 03, NNIB,   0,  80N,  259W,  25,    0, TD,   0,    ,    0,    0,    0,    0, 
AL, 95, 2025100506, 03, NNIB,  12,  82N,  273W,  31,    0, TD,   0,    ,    0,    0,    0,    0, 
AL, 95, 2025100506, 03, NNIB,  24,  86N,  289W,  35,    0, TS,   0,    ,    0,    0,    0,    0, 
AL, 95, 2025100506, 03, NNIB,  36,  89N,  306W,  40,    0, TS,   0,    ,    0,    0,    0,    0, 
AL, 95, 2025100506, 03, NNIB,  48,  94N,  323W,  46,    0, TS,   0,    ,    0,    0,    0,    0, 
AL, 95, 2025100506, 03, NNIB,  60,  99N,  342W,  52,    0, TS,   0,    ,    0,    0,    0,    0, 
AL, 95, 2025100506, 03, NNIB,  72, 104N,  362W,  57,    0, TS,   0,    ,    0,    0,    0,    0, 
AL, 95, 2025100506, 03, NNIB,  84, 108N,  382W,  61,    0, TS,   0,    ,    0,    0,    0,    0, 
AL, 95, 2025100506, 03, NNIB,  96, 112N,  402W,  65,    0, HU,   0,    ,    0,    0,    0,    0, 
AL, 95, 2025100506, 03, NNIB, 108, 116N,  423W,  67,    0, HU,   0,    ,    0,    0,    0,    0, 
AL, 95, 2025100506, 03, NNIB, 120, 120N,  443W,  70,    0, HU,   0,    ,    0,    0,    0,    0, 
AL, 95, 2025100506, 03, NNIB, 132, 123N,  463W,  74,    0, HU,   0,    ,    0,    0,    0,    0, 
AL, 95, 2025100506, 03, NNIB, 144, 125N,  483W,  78,    0, HU,   0,    ,    0,    0,    0,    0, 
AL, 95, 2025100506, 03, NNIB, 156, 128N,  502W,  84,    0, HU,   0,    ,    0,    0,    0,    0, 
AL, 95, 2025100506, 03, NNIB, 168, 131N,  520W,  89,    0, HU,   0,    ,    0,    0,    0,    0, 
AL, 95, 2025100506, 03, NNIC,   0,  80N,  259W,  25,    0, TD,   0,    ,    0,    0,    0,    0, 
AL, 95, 2025100506, 03, NNIC,  12,  82N,  273W,  34,    0, TS,   0,    ,    0,    0,    0,    0, 
AL, 95, 2025100506, 03, NNIC,  24,  86N,  289W,  35,    0, TS,   0,    ,    0,    0,    0,    0, 
AL, 95, 2025100506, 03, NNIC,  36,  89N,  306W,  41,    0, TS,   0,    ,    0,    0,    0,    0, 
AL, 95, 2025100506, 03, NNIC,  48,  94N,  323W,  47,    0, TS,   0,    ,    0,    0,    0,    0, 
AL, 95, 2025100506, 03, NNIC,  60,  99N,  342W,  54,    0, TS,   0,    ,    0,    0,    0,    0, 
AL, 95, 2025100506, 03, NNIC,  72, 104N,  362W,  59,    0, TS,   0,    ,    0,    0,    0,    0, 
AL, 95, 2025100506, 03, NNIC,  84, 108N,  382W,  56,    0, TS,   0,    ,    0,    0,    0,    0, 
AL, 95, 2025100506, 03, NNIC,  96, 112N,  402W,  70,    0, HU,   0,    ,    0,    0,    0,    0, 
AL, 95, 2025100506, 03, NNIC, 108, 116N,  423W,  70,    0, HU,   0,    ,    0,    0,    0,    0, 
AL, 95, 2025100506, 03, NNIC, 120, 120N,  443W,  71,    0, HU,   0,    ,    0,    0,    0,    0, 
AL, 95, 2025100506, 03, NNIC, 132, 123N,  463W,  57,    0, TS,   0,    ,    0,    0,    0,    0, 
AL, 95, 2025100506, 03, NNIC, 144, 125N,  483W,  73,    0, HU,   0,    ,    0,    0,    0,    0, 
AL, 95, 2025100506, 03, NNIC, 156, 128N,  502W,  95,    0, HU,   0,    ,    0,    0,    0,    0, 
AL, 95, 2025100506, 03, NNIC, 168, 131N,  520W,  95,    0, HU,   0,    ,    0,    0,    0,    0, 
AL, 95, 2025100506, 03, OCD5,   0,  80N,  259W,  25,    0,   ,   0,    ,    0,    0,    0,    0, 
AL, 95, 2025100506, 03, OCD5,  12,  85N,  285W,  30,    0,   ,   0,    ,    0,    0,    0,    0, 
AL, 95, 2025100506, 03, OCD5,  24,  93N,  312W,  35,    0,   ,   0,    ,    0,    0,    0,    0, 
AL, 95, 2025100506, 03, OCD5,  36,  98N,  338W,  39,    0,   ,   0,    ,    0,    0,    0,    0, 
AL, 95, 2025100506, 03, OCD5,  48, 108N,  362W,  43,    0,   ,   0,    ,    0,    0,    0,    0, 
AL, 95, 2025100506, 03, OCD5,  60, 108N,  385W,  45,    0,   ,   0,    ,    0,    0,    0,    0, 
AL, 95, 2025100506, 03, OCD5,  72, 108N,  407W,  48,    0,   ,   0,    ,    0,    0,    0,    0, 
AL, 95, 2025100506, 03, OCD5,  84, 114N,  433W,  51,    0,   ,   0,    ,    0,    0,    0,    0, 
AL, 95, 2025100506, 03, OCD5,  96, 126N,  461W,  53,    0,   ,   0,    ,    0,    0,    0,    0, 
AL, 95, 2025100506, 03, OCD5, 108, 141N,  491W,  50,    0,   ,   0,    ,    0,    0,    0,    0, 
AL, 95, 2025100506, 03, OCD5, 120, 151N,  519W,  51,    0,   ,   0,    ,    0,    0,    0,    0, 
AL, 95, 2025100506, 03, SHF5,   0,   0N,    0W,  25,    0,   ,   0,    ,    0,    0,    0,    0, 
AL, 95, 2025100506, 03, SHF5,  12,   0N,    0W,  30,    0,   ,   0,    ,    0,    0,    0,    0, 
AL, 95, 2025100506, 03, SHF5,  24,   0N,    0W,  35,    0,   ,   0,    ,    0,    0,    0,    0, 
AL, 95, 2025100506, 03, SHF5,  36,   0N,    0W,  39,    0,   ,   0,    ,    0,    0,    0,    0, 
AL, 95, 2025100506, 03, SHF5,  48,   0N,    0W,  43,    0,   ,   0,    ,    0,    0,    0,    0, 
AL, 95, 2025100506, 03, SHF5,  60,   0N,    0W,  45,    0,   ,   0,    ,    0,    0,    0,    0, 
AL, 95, 2025100506, 03, SHF5,  72,   0N,    0W,  48,    0,   ,   0,    ,    0,    0,    0,    0, 
AL, 95, 2025100506, 03, SHF5,  84,   0N,    0W,  51,    0,   ,   0,    ,    0,    0,    0,    0, 
AL, 95, 2025100506, 03, SHF5,  96,   0N,    0W,  53,    0,   ,   0,    ,    0,    0,    0,    0, 
AL, 95, 2025100506, 03, SHF5, 108,   0N,    0W,  50,    0,   ,   0,    ,    0,    0,    0,    0, 
AL, 95, 2025100506, 03, SHF5, 120,   0N,    0W,  51,    0,   ,   0,    ,    0,    0,    0,    0, 
AL, 95, 2025100506, 03, SHIP,   0,  80N,  258W,  25,    0, TD,   0,    ,    0,    0,    0,    0, 
AL, 95, 2025100506, 03, SHIP,  12,  86N,  288W,  31,    0, TD,   0,    ,    0,    0,    0,    0, 
AL, 95, 2025100506, 03, SHIP,  24,  94N,  322W,  35,    0, TS,   0,    ,    0,    0,    0,    0, 
AL, 95, 2025100506, 03, SHIP,  36, 104N,  361W,  42,    0, TS,   0,    ,    0,    0,    0,    0, 
AL, 95, 2025100506, 03, SHIP,  48, 112N,  401W,  49,    0, TS,   0,    ,    0,    0,    0,    0, 
AL, 95, 2025100506, 03, SHIP,  60, 120N,  442W,  57,    0, TS,   0,    ,    0,    0,    0,    0, 
AL, 95, 2025100506, 03, SHIP,  72, 125N,  482W,  65,    0, HU,   0,    ,    0,    0,    0,    0, 
AL, 95, 2025100506, 03, SHIP,  84, 131N,  520W,  70,    0, HU,   0,    ,    0,    0,    0,    0, 
AL, 95, 2025100506, 03, SHIP,  96, 138N,  551W,  73,    0, HU,   0,    ,    0,    0,    0,    0, 
AL, 95, 2025100506, 03, SHIP, 108, 149N,  577W,  76,    0, HU,   0,    ,    0,    0,    0,    0, 
AL, 95, 2025100506, 03, SHIP, 120, 163N,  598W,  80,    0, HU,   0,    ,    0,    0,    0,    0, 
AL, 95, 2025100506, 03, SHIP, 132, 176N,  613W,  83,    0, HU,   0,    ,    0,    0,    0,    0, 
AL, 95, 2025100506, 03, SHIP, 144, 189N,  625W,  87,    0, HU,   0,    ,    0,    0,    0,    0, 
AL, 95, 2025100506, 03, SHIP, 156, 205N,  633W,  93,    0, HU,   0,    ,    0,    0,    0,    0, 
AL, 95, 2025100506, 03, SHIP, 168, 223N,  641W,  98,    0, HU,   0,    ,    0,    0,    0,    0, 
AL, 95, 2025100506, 03, TABD,   0,  80N,  259W,   0,    0,   ,   0,    ,    0,    0,    0,    0, 
AL, 95, 2025100506, 03, TABD,   6,  82N,  272W,   0,    0,   ,   0,    ,    0,    0,    0,    0, 
AL, 95, 2025100506, 03, TABD,  12,  84N,  286W,   0,    0,   ,   0,    ,    0,    0,    0,    0, 
AL, 95, 2025100506, 03, TABD,  18,  87N,  301W,   0,    0,   ,   0,    ,    0,    0,    0,    0, 
AL, 95, 2025100506, 03, TABD,  24,  90N,  315W,   0,    0,   ,   0,    ,    0,    0,    0,    0, 
AL, 95, 2025100506, 03, TABD,  30,  93N,  331W,   0,    0,   ,   0,    ,    0,    0,    0,    0, 
AL, 95, 2025100506, 03, TABD,  36,  97N,  346W,   0,    0,   ,   0,    ,    0,    0,    0,    0, 
AL, 95, 2025100506, 03, TABD,  42, 101N,  362W,   0,    0,   ,   0,    ,    0,    0,    0,    0, 
AL, 95, 2025100506, 03, TABD,  48, 106N,  378W,   0,    0,   ,   0,    ,    0,    0,    0,    0, 
AL, 95, 2025100506, 03, TABD,  54, 111N,  395W,   0,    0,   ,   0,    ,    0,    0,    0,    0, 
AL, 95, 2025100506, 03, TABD,  60, 117N,  413W,   0,    0,   ,   0,    ,    0,    0,    0,    0, 
AL, 95, 2025100506, 03, TABD,  66, 123N,  431W,   0,    0,   ,   0,    ,    0,    0,    0,    0, 
AL, 95, 2025100506, 03, TABD,  72, 129N,  450W,   0,    0,   ,   0,    ,    0,    0,    0,    0, 
AL, 95, 2025100506, 03, TABD,  78, 136N,  469W,   0,    0,   ,   0,    ,    0,    0,    0,    0, 
AL, 95, 2025100506, 03, TABD,  84, 142N,  487W,   0,    0,   ,   0,    ,    0,    0,    0,    0, 
AL, 95, 2025100506, 03, TABD,  90, 150N,  504W,   0,    0,   ,   0,    ,    0,    0,    0,    0, 
AL, 95, 2025100506, 03, TABD,  96, 157N,  520W,   0,    0,   ,   0,    ,    0,    0,    0,    0, 
AL, 95, 2025100506, 03, TABD, 102, 166N,  534W,   0,    0,   ,   0,    ,    0,    0,    0,    0, 
AL, 95, 2025100506, 03, TABD, 108, 175N,  547W,   0,    0,   ,   0,    ,    0,    0,    0,    0, 
AL, 95, 2025100506, 03, TABD, 114, 184N,  558W,   0,    0,   ,   0,    ,    0,    0,    0,    0, 
AL, 95, 2025100506, 03, TABD, 120, 194N,  569W,   0,    0,   ,   0,    ,    0,    0,    0,    0, 
AL, 95, 2025100506, 03, TABD, 126, 204N,  577W,   0,    0,   ,   0,    ,    0,    0,    0,    0, 
AL, 95, 2025100506, 03, TABD, 132, 216N,  584W,   0,    0,   ,   0,    ,    0,    0,    0,    0, 
AL, 95, 2025100506, 03, TABD, 138, 227N,  589W,   0,    0,   ,   0,    ,    0,    0,    0,    0, 
AL, 95, 2025100506, 03, TABD, 144, 239N,  593W,   0,    0,   ,   0,    ,    0,    0,    0,    0, 
AL, 95, 2025100506, 03, TABD, 150, 250N,  595W,   0,    0,   ,   0,    ,    0,    0,    0,    0, 
AL, 95, 2025100506, 03, TABD, 156, 260N,  595W,   0,    0,   ,   0,    ,    0,    0,    0,    0, 
AL, 95, 2025100506, 03, TABD, 162, 269N,  594W,   0,    0,   ,   0,    ,    0,    0,    0,    0, 
AL, 95, 2025100506, 03, TABD, 168, 278N,  593W,   0,    0,   ,   0,    ,    0,    0,    0,    0, 
AL, 95, 2025100506, 03, TABM,   0,  80N,  259W,   0,    0,   ,   0,    ,    0,    0,    0,    0, 
AL, 95, 2025100506, 03, TABM,   6,  82N,  273W,   0,    0,   ,   0,    ,    0,    0,    0,    0, 
AL, 95, 2025100506, 03, TABM,  12,  86N,  289W,   0,    0,   ,   0,    ,    0,    0,    0,    0, 
AL, 95, 2025100506, 03, TABM,  18,  89N,  306W,   0,    0,   ,   0,    ,    0,    0,    0,    0, 
AL, 95, 2025100506, 03, TABM,  24,  94N,  323W,   0,    0,   ,   0,    ,    0,    0,    0,    0, 
AL, 95, 2025100506, 03, TABM,  30,  99N,  342W,   0,    0,   ,   0,    ,    0,    0,    0,    0, 
AL, 95, 2025100506, 03, TABM,  36, 104N,  362W,   0,    0,   ,   0,    ,    0,    0,    0,    0, 
AL, 95, 2025100506, 03, TABM,  42, 108N,  382W,   0,    0,   ,   0,    ,    0,    0,    0,    0, 
AL, 95, 2025100506, 03, TABM,  48, 112N,  402W,   0,    0,   ,   0,    ,    0,    0,    0,    0, 
AL, 95, 2025100506, 03, TABM,  54, 116N,  423W,   0,    0,   ,   0,    ,    0,    0,    0,    0, 
AL, 95, 2025100506, 03, TABM,  60, 120N,  443W,   0,    0,   ,   0,    ,    0,    0,    0,    0, 
AL, 95, 2025100506, 03, TABM,  66, 123N,  463W,   0,    0,   ,   0,    ,    0,    0,    0,    0, 
AL, 95, 2025100506, 03, TABM,  72, 125N,  483W,   0,    0,   ,   0,    ,    0,    0,    0,    0, 
AL, 95, 2025100506, 03, TABM,  78, 128N,  502W,   0,    0,   ,   0,    ,    0,    0,    0,    0, 
AL, 95, 2025100506, 03, TABM,  84, 131N,  520W,   0,    0,   ,   0,    ,    0,    0,    0,    0, 
AL, 95, 2025100506, 03, TABM,  90, 135N,  536W,   0,    0,   ,   0,    ,    0,    0,    0,    0, 
AL, 95, 2025100506, 03, TABM,  96, 138N,  551W,   0,    0,   ,   0,    ,    0,    0,    0,    0, 
AL, 95, 2025100506, 03, TABM, 102, 143N,  565W,   0,    0,   ,   0,    ,    0,    0,    0,    0, 
AL, 95, 2025100506, 03, TABM, 108, 149N,  578W,   0,    0,   ,   0,    ,    0,    0,    0,    0, 
AL, 95, 2025100506, 03, TABM, 114, 156N,  588W,   0,    0,   ,   0,    ,    0,    0,    0,    0, 
AL, 95, 2025100506, 03, TABM, 120, 163N,  599W,   0,    0,   ,   0,    ,    0,    0,    0,    0, 
AL, 95, 2025100506, 03, TABM, 126, 169N,  607W,   0,    0,   ,   0,    ,    0,    0,    0,    0, 
AL, 95, 2025100506, 03, TABM, 132, 176N,  614W,   0,    0,   ,   0,    ,    0,    0,    0,    0, 
AL, 95, 2025100506, 03, TABM, 138, 183N,  620W,   0,    0,   ,   0,    ,    0,    0,    0,    0, 
AL, 95, 2025100506, 03, TABM, 144, 189N,  625W,   0,    0,   ,   0,    ,    0,    0,    0,    0, 
AL, 95, 2025100506, 03, TABM, 150, 197N,  630W,   0,    0,   ,   0,    ,    0,    0,    0,    0, 
AL, 95, 2025100506, 03, TABM, 156, 205N,  634W,   0,    0,   ,   0,    ,    0,    0,    0,    0, 
AL, 95, 2025100506, 03, TABM, 162, 214N,  638W,   0,    0,   ,   0,    ,    0,    0,    0,    0, 
AL, 95, 2025100506, 03, TABM, 168, 223N,  641W,   0,    0,   ,   0,    ,    0,    0,    0,    0, 
AL, 95, 2025100506, 03, TABS,   0,  80N,  259W,   0,    0,   ,   0,    ,    0,    0,    0,    0, 
AL, 95, 2025100506, 03, TABS,   6,  83N,  272W,   0,    0,   ,   0,    ,    0,    0,    0,    0, 
AL, 95, 2025100506, 03, TABS,  12,  88N,  287W,   0,    0,   ,   0,    ,    0,    0,    0,    0, 
AL, 95, 2025100506, 03, TABS,  18,  94N,  303W,   0,    0,   ,   0,    ,    0,    0,    0,    0, 
AL, 95, 2025100506, 03, TABS,  24, 101N,  321W,   0,    0,   ,   0,    ,    0,    0,    0,    0, 
AL, 95, 2025100506, 03, TABS,  30, 109N,  341W,   0,    0,   ,   0,    ,    0,    0,    0,    0, 
AL, 95, 2025100506, 03, TABS,  36, 116N,  362W,   0,    0,   ,   0,    ,    0,    0,    0,    0, 
AL, 95, 2025100506, 03, TABS,  42, 122N,  385W,   0,    0,   ,   0,    ,    0,    0,    0,    0, 
AL, 95, 2025100506, 03, TABS,  48, 128N,  410W,   0,    0,   ,   0,    ,    0,    0,    0,    0, 
AL, 95, 2025100506, 03, TABS,  54, 134N,  435W,   0,    0,   ,   0,    ,    0,    0,    0,    0, 
AL, 95, 2025100506, 03, TABS,  60, 140N,  460W,   0,    0,   ,   0,    ,    0,    0,    0,    0, 
AL, 95, 2025100506, 03, TABS,  66, 145N,  485W,   0,    0,   ,   0,    ,    0,    0,    0,    0, 
AL, 95, 2025100506, 03, TABS,  72, 148N,  509W,   0,    0,   ,   0,    ,    0,    0,    0,    0, 
AL, 95, 2025100506, 03, TABS,  78, 150N,  533W,   0,    0,   ,   0,    ,    0,    0,    0,    0, 
AL, 95, 2025100506, 03, TABS,  84, 152N,  555W,   0,    0,   ,   0,    ,    0,    0,    0,    0, 
AL, 95, 2025100506, 03, TABS,  90, 155N,  575W,   0,    0,   ,   0,    ,    0,    0,    0,    0, 
AL, 95, 2025100506, 03, TABS,  96, 156N,  593W,   0,    0,   ,   0,    ,    0,    0,    0,    0, 
AL, 95, 2025100506, 03, TABS, 102, 157N,  610W,   0,    0,   ,   0,    ,    0,    0,    0,    0, 
AL, 95, 2025100506, 03, TABS, 108, 158N,  624W,   0,    0,   ,   0,    ,    0,    0,    0,    0, 
AL, 95, 2025100506, 03, TABS, 114, 160N,  636W,   0,    0,   ,   0,    ,    0,    0,    0,    0, 
AL, 95, 2025100506, 03, TABS, 120, 159N,  646W,   0,    0,   ,   0,    ,    0,    0,    0,    0, 
AL, 95, 2025100506, 03, TABS, 126, 159N,  654W,   0,    0,   ,   0,    ,    0,    0,    0,    0, 
AL, 95, 2025100506, 03, TABS, 132, 159N,  660W,   0,    0,   ,   0,    ,    0,    0,    0,    0, 
AL, 95, 2025100506, 03, TABS, 138, 159N,  665W,   0,    0,   ,   0,    ,    0,    0,    0,    0, 
AL, 95, 2025100506, 03, TABS, 144, 158N,  669W,   0,    0,   ,   0,    ,    0,    0,    0,    0, 
AL, 95, 2025100506, 03, TABS, 150, 159N,  670W,   0,    0,   ,   0,    ,    0,    0,    0,    0, 
AL, 95, 2025100506, 03, TABS, 156, 162N,  669W,   0,    0,   ,   0,    ,    0,    0,    0,    0, 
AL, 95, 2025100506, 03, TABS, 162, 166N,  665W,   0,    0,   ,   0,    ,    0,    0,    0,    0, 
AL, 95, 2025100506, 03, TABS, 168, 170N,  661W,   0,    0,   ,   0,    ,    0,    0,    0,    0, 
AL, 95, 2025100506, 03, TCLP,   0,  80N,  259W,  25,    0,   ,   0,    ,    0,    0,    0,    0, 
AL, 95, 2025100506, 03, TCLP,  12,  87N,  283W,  29,    0,   ,   0,    ,    0,    0,    0,    0, 
AL, 95, 2025100506, 03, TCLP,  24,  94N,  305W,  33,    0,   ,   0,    ,    0,    0,    0,    0, 
AL, 95, 2025100506, 03, TCLP,  36, 101N,  325W,  35,    0,   ,   0,    ,    0,    0,    0,    0, 
AL, 95, 2025100506, 03, TCLP,  48, 109N,  343W,  38,    0,   ,   0,    ,    0,    0,    0,    0, 
AL, 95, 2025100506, 03, TCLP,  60, 117N,  360W,  41,    0,   ,   0,    ,    0,    0,    0,    0, 
AL, 95, 2025100506, 03, TCLP,  72, 125N,  375W,  43,    0,   ,   0,    ,    0,    0,    0,    0, 
AL, 95, 2025100506, 03, TCLP,  84, 133N,  389W,  45,    0,   ,   0,    ,    0,    0,    0,    0, 
AL, 95, 2025100506, 03, TCLP,  96, 142N,  401W,  47,    0,   ,   0,    ,    0,    0,    0,    0, 
AL, 95, 2025100506, 03, TCLP, 108, 150N,  413W,  49,    0,   ,   0,    ,    0,    0,    0,    0, 
AL, 95, 2025100506, 03, TCLP, 120, 159N,  423W,  51,    0,   ,   0,    ,    0,    0,    0,    0, 
AL, 95, 2025100506, 03, TCLP, 132, 168N,  432W,  52,    0,   ,   0,    ,    0,    0,    0,    0, 
AL, 95, 2025100506, 03, TCLP, 144, 176N,  440W,  54,    0,   ,   0,    ,    0,    0,    0,    0, 
AL, 95, 2025100506, 03, TCLP, 156, 185N,  447W,  55,    0,   ,   0,    ,    0,    0,    0,    0, 
AL, 95, 2025100506, 03, TCLP, 168, 195N,  452W,  56,    0,   ,   0,    ,    0,    0,    0,    0, 
AL, 95, 2025100506, 03, TCLP, 180, 204N,  457W,  57,    0,   ,   0,    ,    0,    0,    0,    0, 
AL, 95, 2025100506, 03, TCLP, 192, 213N,  460W,  57,    0,   ,   0,    ,    0,    0,    0,    0, 
AL, 95, 2025100506, 03, TCLP, 204, 223N,  462W,  58,    0,   ,   0,    ,    0,    0,    0,    0, 
AL, 95, 2025100506, 03, TCLP, 216, 232N,  463W,  59,    0,   ,   0,    ,    0,    0,    0,    0, 
AL, 95, 2025100506, 03, TCLP, 228, 242N,  463W,  59,    0,   ,   0,    ,    0,    0,    0,    0, 
AL, 95, 2025100506, 03, TCLP, 240, 252N,  461W,  60,    0,   ,   0,    ,    0,    0,    0,    0, 
AL, 95, 2025100506, 03, XTRP,   0,  80N,  259W,   0,    0,   ,   0,    ,    0,    0,    0,    0, 
AL, 95, 2025100506, 03, XTRP,  12,  84N,  280W,   0,    0,   ,   0,    ,    0,    0,    0,    0, 
AL, 95, 2025100506, 03, XTRP,  24,  88N,  302W,   0,    0,   ,   0,    ,    0,    0,    0,    0, 
AL, 95, 2025100506, 03, XTRP,  36,  92N,  324W,   0,    0,   ,   0,    ,    0,    0,    0,    0, 
AL, 95, 2025100506, 03, XTRP,  48,  95N,  346W,   0,    0,   ,   0,    ,    0,    0,    0,    0, 
AL, 95, 2025100506, 03, XTRP,  60,  99N,  369W,   0,    0,   ,   0,    ,    0,    0,    0,    0, 
AL, 95, 2025100506, 03, XTRP,  72, 103N,  391W,   0,    0,   ,   0,    ,    0,    0,    0,    0, 
AL, 95, 2025100506, 03, XTRP,  84, 107N,  413W,   0,    0,   ,   0,    ,    0,    0,    0,    0, 
AL, 95, 2025100506, 03, XTRP,  96, 111N,  435W,   0,    0,   ,   0,    ,    0,    0,    0,    0, 
AL, 95, 2025100506, 03, XTRP, 108, 115N,  457W,   0,    0,   ,   0,    ,    0,    0,    0,    0, 
AL, 95, 2025100506, 03, XTRP, 120, 118N,  480W,   0,    0,   ,   0,    ,    0,    0,    0,    0, 
AL, 95, 2025100506, 03, XTRP, 132, 122N,  502W,   0,    0,   ,   0,    ,    0,    0,    0,    0, 
AL, 95, 2025100506, 03, XTRP, 144, 126N,  524W,   0,    0,   ,   0,    ,    0,    0,    0,    0, 
AL, 95, 2025100506, 03, XTRP, 156, 130N,  547W,   0,    0,   ,   0,    ,    0,    0,    0,    0, 
AL, 95, 2025100506, 03, XTRP, 168, 134N,  569W,   0,    0,   ,   0,    ,    0,    0,    0,    0, 
AL, 95, 2025100512, 01, CARQ, -24,  72N,  226W,  20,    0, DB,  34, AAA,    0,    0,    0,    0,    0,    0,   0,   0,   0,   L,   0,   X,   0,   0,     INVEST,  , 
AL, 95, 2025100512, 01, CARQ, -18,  76N,  237W,  20,    0, DB,  34, AAA,    0,    0,    0,    0,    0,    0,   0,   0,   0,   L,   0,   X,   0,   0,     INVEST,  , 
AL, 95, 2025100512, 01, CARQ, -12,  78N,  247W,  25,    0, DB,  34, AAA,    0,    0,    0,    0,    0,    0,   0,   0,   0,   L,   0,   X, 281,  11,     INVEST,  , 
AL, 95, 2025100512, 01, CARQ,  -6,  80N,  259W,  25,    0, DB,  34, AAA,    0,    0,    0,    0,    0,    0,   0,   0,   0,   L,   0,   X,   0,   0,     INVEST,  , 
AL, 95, 2025100512, 01, CARQ,   0,  81N,  274W,  30, 1010, DB,  34, NEQ,    0,    0,    0,    0, 1013,  210,  90,   0,   0,   L,   0,   X, 280,  15,     INVEST, S, 
AL, 95, 2025100512, 01, CARQ,   0,  81N,  274W,  30, 1010, DB,  50, NEQ,    0,    0,    0,    0, 1013,  210,  90,   0,   0,   L,   0,   X, 280,  15,     INVEST, S, 
AL, 95, 2025100512, 01, CARQ,   0,  81N,  274W,  30, 1010, DB,  64, NEQ,    0,    0,    0,    0, 1013,  210,  90,   0,   0,   L,   0,   X, 280,  15,     INVEST, S, 
AL, 95, 2025100512, 03, CLP5,  12,  86N,  303W,   0,    0,   ,   0,    ,    0,    0,    0,    0, 
AL, 95, 2025100512, 03, CLP5,  24,  92N,  333W,   0,    0,   ,   0,    ,    0,    0,    0,    0, 
AL, 95, 2025100512, 03, CLP5,  36,  97N,  361W,   0,    0,   ,   0,    ,    0,    0,    0,    0, 
AL, 95, 2025100512, 03, CLP5,  48, 106N,  387W,   0,    0,   ,   0,    ,    0,    0,    0,    0, 
AL, 95, 2025100512, 03, CLP5,  60, 106N,  411W,   0,    0,   ,   0,    ,    0,    0,    0,    0, 
AL, 95, 2025100512, 03, CLP5,  72, 107N,  435W,   0,    0,   ,   0,    ,    0,    0,    0,    0, 
AL, 95, 2025100512, 03, CLP5,  84, 113N,  462W,   0,    0,   ,   0,    ,    0,    0,    0,    0, 
AL, 95, 2025100512, 03, CLP5,  96, 126N,  490W,   0,    0,   ,   0,    ,    0,    0,    0,    0, 
AL, 95, 2025100512, 03, CLP5, 108, 140N,  519W,   0,    0,   ,   0,    ,    0,    0,    0,    0, 
AL, 95, 2025100512, 03, CLP5, 120, 150N,  547W,   0,    0,   ,   0,    ,    0,    0,    0,    0, 
AL, 95, 2025100512, 03, DSHP,   0,  81N,  273W,  30,    0, TD,   0,    ,    0,    0,    0,    0, 
AL, 95, 2025100512, 03, DSHP,  12,  87N,  305W,  35,    0, TS,   0,    ,    0,    0,    0,    0, 
AL, 95, 2025100512, 03, DSHP,  24,  96N,  341W,  40,    0, TS,   0,    ,    0,    0,    0,    0, 
AL, 95, 2025100512, 03, DSHP,  36, 106N,  380W,  46,    0, TS,   0,    ,    0,    0,    0,    0, 
AL, 95, 2025100512, 03, DSHP,  48, 115N,  421W,  55,    0, TS,   0,    ,    0,    0,    0,    0, 
AL, 95, 2025100512, 03, DSHP,  60, 123N,  461W,  60,    0, TS,   0,    ,    0,    0,    0,    0, 
AL, 95, 2025100512, 03, DSHP,  72, 128N,  500W,  66,    0, HU,   0,    ,    0,    0,    0,    0, 
AL, 95, 2025100512, 03, DSHP,  84, 136N,  533W,  71,    0, HU,   0,    ,    0,    0,    0,    0, 
AL, 95, 2025100512, 03, DSHP,  96, 145N,  563W,  74,    0, HU,   0,    ,    0,    0,    0,    0, 
AL, 95, 2025100512, 03, DSHP, 108, 158N,  587W,  76,    0, HU,   0,    ,    0,    0,    0,    0, 
AL, 95, 2025100512, 03, DSHP, 120, 171N,  606W,  77,    0, HU,   0,    ,    0,    0,    0,    0, 
AL, 95, 2025100512, 03, DSHP, 132, 185N,  620W,  82,    0, HU,   0,    ,    0,    0,    0,    0, 
AL, 95, 2025100512, 03, DSHP, 144, 199N,  631W,  83,    0, HU,   0,    ,    0,    0,    0,    0, 
AL, 95, 2025100512, 03, DSHP, 156, 216N,  638W,  91,    0, HU,   0,    ,    0,    0,    0,    0, 
AL, 95, 2025100512, 03, DSHP, 168, 235N,  643W,  97,    0, HU,   0,    ,    0,    0,    0,    0, 
AL, 95, 2025100512, 03, HCCA,   0,  81N,  274W,  30,    0,   ,   0,    ,    0,    0,    0,    0, 
AL, 95, 2025100512, 03, IVCN,   0,   0N,    0W,  30,    0,   ,   0,    ,    0,    0,    0,    0, 
AL, 95, 2025100512, 03, IVCN,  12,   0N,    0W,  35,    0,   ,   0,    ,    0,    0,    0,    0, 
AL, 95, 2025100512, 03, IVCN,  24,   0N,    0W,  39,    0,   ,   0,    ,    0,    0,    0,    0, 
AL, 95, 2025100512, 03, IVCN,  36,   0N,    0W,  45,    0,   ,   0,    ,    0,    0,    0,    0, 
AL, 95, 2025100512, 03, IVCN,  48,   0N,    0W,  51,    0,   ,   0,    ,    0,    0,    0,    0, 
AL, 95, 2025100512, 03, IVCN,  60,   0N,    0W,  56,    0,   ,   0,    ,    0,    0,    0,    0, 
AL, 95, 2025100512, 03, IVCN,  72,   0N,    0W,  60,    0,   ,   0,    ,    0,    0,    0,    0, 
AL, 95, 2025100512, 03, IVCN,  84,   0N,    0W,  65,    0,   ,   0,    ,    0,    0,    0,    0, 
AL, 95, 2025100512, 03, IVCN,  96,   0N,    0W,  68,    0,   ,   0,    ,    0,    0,    0,    0, 
AL, 95, 2025100512, 03, IVCN, 108,   0N,    0W,  70,    0,   ,   0,    ,    0,    0,    0,    0, 
AL, 95, 2025100512, 03, IVCN, 120,   0N,    0W,  72,    0,   ,   0,    ,    0,    0,    0,    0, 
AL, 95, 2025100512, 03, IVCN, 132,   0N,    0W,  76,    0,   ,   0,    ,    0,    0,    0,    0, 
AL, 95, 2025100512, 03, IVCN, 144,   0N,    0W,  79,    0,   ,   0,    ,    0,    0,    0,    0, 
AL, 95, 2025100512, 03, IVCN, 156,   0N,    0W,  86,    0,   ,   0,    ,    0,    0,    0,    0, 
AL, 95, 2025100512, 03, IVCN, 168,   0N,    0W,  91,    0,   ,   0,    ,    0,    0,    0,    0, 
AL, 95, 2025100512, 03, LGEM,   0,  81N,  273W,  30,    0, TD,   0,    ,    0,    0,    0,    0, 
AL, 95, 2025100512, 03, LGEM,  12,  87N,  305W,  34,    0, TS,   0,    ,    0,    0,    0,    0, 
AL, 95, 2025100512, 03, LGEM,  24,  96N,  341W,  38,    0, TS,   0,    ,    0,    0,    0,    0, 
AL, 95, 2025100512, 03, LGEM,  36, 106N,  380W,  43,    0, TS,   0,    ,    0,    0,    0,    0, 
AL, 95, 2025100512, 03, LGEM,  48, 115N,  421W,  47,    0, TS,   0,    ,    0,    0,    0,    0, 
AL, 95, 2025100512, 03, LGEM,  60, 123N,  461W,  51,    0, TS,   0,    ,    0,    0,    0,    0, 
AL, 95, 2025100512, 03, LGEM,  72, 128N,  500W,  54,    0, TS,   0,    ,    0,    0,    0,    0, 
AL, 95, 2025100512, 03, LGEM,  84, 136N,  533W,  58,    0, TS,   0,    ,    0,    0,    0,    0, 
AL, 95, 2025100512, 03, LGEM,  96, 145N,  563W,  61,    0, TS,   0,    ,    0,    0,    0,    0, 
AL, 95, 2025100512, 03, LGEM, 108, 158N,  587W,  63,    0, TS,   0,    ,    0,    0,    0,    0, 
AL, 95, 2025100512, 03, LGEM, 120, 171N,  606W,  66,    0, HU,   0,    ,    0,    0,    0,    0, 
AL, 95, 2025100512, 03, LGEM, 132, 185N,  620W,  70,    0, HU,   0,    ,    0,    0,    0,    0, 
AL, 95, 2025100512, 03, LGEM, 144, 199N,  631W,  75,    0, HU,   0,    ,    0,    0,    0,    0, 
AL, 95, 2025100512, 03, LGEM, 156, 216N,  638W,  81,    0, HU,   0,    ,    0,    0,    0,    0, 
AL, 95, 2025100512, 03, LGEM, 168, 235N,  643W,  85,    0, HU,   0,    ,    0,    0,    0,    0, 
AL, 95, 2025100512, 03, NNIB,   0,  81N,  274W,  30,    0, TD,   0,    ,    0,    0,    0,    0, 
AL, 95, 2025100512, 03, NNIB,  12,  84N,  289W,  35,    0, TS,   0,    ,    0,    0,    0,    0, 
AL, 95, 2025100512, 03, NNIB,  24,  87N,  305W,  39,    0, TS,   0,    ,    0,    0,    0,    0, 
AL, 95, 2025100512, 03, NNIB,  36,  91N,  323W,  45,    0, TS,   0,    ,    0,    0,    0,    0, 
AL, 95, 2025100512, 03, NNIB,  48,  96N,  341W,  51,    0, TS,   0,    ,    0,    0,    0,    0, 
AL, 95, 2025100512, 03, NNIB,  60, 102N,  360W,  56,    0, TS,   0,    ,    0,    0,    0,    0, 
AL, 95, 2025100512, 03, NNIB,  72, 106N,  380W,  60,    0, TS,   0,    ,    0,    0,    0,    0, 
AL, 95, 2025100512, 03, NNIB,  84, 111N,  400W,  65,    0, HU,   0,    ,    0,    0,    0,    0, 
AL, 95, 2025100512, 03, NNIB,  96, 115N,  421W,  68,    0, HU,   0,    ,    0,    0,    0,    0, 
AL, 95, 2025100512, 03, NNIB, 108, 119N,  441W,  70,    0, HU,   0,    ,    0,    0,    0,    0, 
AL, 95, 2025100512, 03, NNIB, 120, 123N,  461W,  72,    0, HU,   0,    ,    0,    0,    0,    0, 
AL, 95, 2025100512, 03, NNIB, 132, 126N,  481W,  76,    0, HU,   0,    ,    0,    0,    0,    0, 
AL, 95, 2025100512, 03, NNIB, 144, 128N,  500W,  79,    0, HU,   0,    ,    0,    0,    0,    0, 
AL, 95, 2025100512, 03, NNIB, 156, 132N,  518W,  86,    0, HU,   0,    ,    0,    0,    0,    0, 
AL, 95, 2025100512, 03, NNIB, 168, 136N,  534W,  91,    0, HU,   0,    ,    0,    0,    0,    0, 
AL, 95, 2025100512, 03, NNIC,   0,  81N,  274W,  30,    0, TD,   0,    ,    0,    0,    0,    0, 
AL, 95, 2025100512, 03, NNIC,  12,  84N,  289W,  38,    0, TS,   0,    ,    0,    0,    0,    0, 
AL, 95, 2025100512, 03, NNIC,  24,  87N,  305W,  40,    0, TS,   0,    ,    0,    0,    0,    0, 
AL, 95, 2025100512, 03, NNIC,  36,  91N,  323W,  46,    0, TS,   0,    ,    0,    0,    0,    0, 
AL, 95, 2025100512, 03, NNIC,  48,  96N,  341W,  55,    0, TS,   0,    ,    0,    0,    0,    0, 
AL, 95, 2025100512, 03, NNIC,  60, 102N,  360W,  59,    0, TS,   0,    ,    0,    0,    0,    0, 
AL, 95, 2025100512, 03, NNIC,  72, 106N,  380W,  63,    0, TS,   0,    ,    0,    0,    0,    0, 
AL, 95, 2025100512, 03, NNIC,  84, 111N,  400W,  63,    0, TS,   0,    ,    0,    0,    0,    0, 
AL, 95, 2025100512, 03, NNIC,  96, 115N,  421W,  74,    0, HU,   0,    ,    0,    0,    0,    0, 
AL, 95, 2025100512, 03, NNIC, 108, 119N,  441W,  74,    0, HU,   0,    ,    0,    0,    0,    0, 
AL, 95, 2025100512, 03, NNIC, 120, 123N,  461W,  69,    0, HU,   0,    ,    0,    0,    0,    0, 
AL, 95, 2025100512, 03, NNIC, 132, 126N,  481W,  61,    0, TS,   0,    ,    0,    0,    0,    0, 
AL, 95, 2025100512, 03, NNIC, 144, 128N,  500W,  75,    0, HU,   0,    ,    0,    0,    0,    0, 
AL, 95, 2025100512, 03, NNIC, 156, 132N,  518W,  97,    0, HU,   0,    ,    0,    0,    0,    0, 
AL, 95, 2025100512, 03, NNIC, 168, 136N,  534W,  87,    0, HU,   0,    ,    0,    0,    0,    0, 
AL, 95, 2025100512, 03, OCD5,   0,  81N,  274W,  30,    0,   ,   0,    ,    0,    0,    0,    0, 
AL, 95, 2025100512, 03, OCD5,  12,  86N,  303W,  34,    0,   ,   0,    ,    0,    0,    0,    0, 
AL, 95, 2025100512, 03, OCD5,  24,  92N,  333W,  40,    0,   ,   0,    ,    0,    0,    0,    0, 
AL, 95, 2025100512, 03, OCD5,  36,  97N,  361W,  44,    0,   ,   0,    ,    0,    0,    0,    0, 
AL, 95, 2025100512, 03, OCD5,  48, 106N,  387W,  48,    0,   ,   0,    ,    0,    0,    0,    0, 
AL, 95, 2025100512, 03, OCD5,  60, 106N,  411W,  52,    0,   ,   0,    ,    0,    0,    0,    0, 
AL, 95, 2025100512, 03, OCD5,  72, 107N,  435W,  55,    0,   ,   0,    ,    0,    0,    0,    0, 
AL, 95, 2025100512, 03, OCD5,  84, 113N,  462W,  58,    0,   ,   0,    ,    0,    0,    0,    0, 
AL, 95, 2025100512, 03, OCD5,  96, 126N,  490W,  60,    0,   ,   0,    ,    0,    0,    0,    0, 
AL, 95, 2025100512, 03, OCD5, 108, 140N,  519W,  59,    0,   ,   0,    ,    0,    0,    0,    0, 
AL, 95, 2025100512, 03, OCD5, 120, 150N,  547W,  60,    0,   ,   0,    ,    0,    0,    0,    0, 
AL, 95, 2025100512, 03, SHF5,   0,   0N,    0W,  30,    0,   ,   0,    ,    0,    0,    0,    0, 
AL, 95, 2025100512, 03, SHF5,  12,   0N,    0W,  34,    0,   ,   0,    ,    0,    0,    0,    0, 
AL, 95, 2025100512, 03, SHF5,  24,   0N,    0W,  40,    0,   ,   0,    ,    0,    0,    0,    0, 
AL, 95, 2025100512, 03, SHF5,  36,   0N,    0W,  44,    0,   ,   0,    ,    0,    0,    0,    0, 
AL, 95, 2025100512, 03, SHF5,  48,   0N,    0W,  48,    0,   ,   0,    ,    0,    0,    0,    0, 
AL, 95, 2025100512, 03, SHF5,  60,   0N,    0W,  52,    0,   ,   0,    ,    0,    0,    0,    0, 
AL, 95, 2025100512, 03, SHF5,  72,   0N,    0W,  55,    0,   ,   0,    ,    0,    0,    0,    0, 
AL, 95, 2025100512, 03, SHF5,  84,   0N,    0W,  58,    0,   ,   0,    ,    0,    0,    0,    0, 
AL, 95, 2025100512, 03, SHF5,  96,   0N,    0W,  60,    0,   ,   0,    ,    0,    0,    0,    0, 
AL, 95, 2025100512, 03, SHF5, 108,   0N,    0W,  59,    0,   ,   0,    ,    0,    0,    0,    0, 
AL, 95, 2025100512, 03, SHF5, 120,   0N,    0W,  60,    0,   ,   0,    ,    0,    0,    0,    0, 
AL, 95, 2025100512, 03, SHIP,   0,  81N,  273W,  30,    0, TD,   0,    ,    0,    0,    0,    0, 
AL, 95, 2025100512, 03, SHIP,  12,  87N,  305W,  35,    0, TS,   0,    ,    0,    0,    0,    0, 
AL, 95, 2025100512, 03, SHIP,  24,  96N,  341W,  40,    0, TS,   0,    ,    0,    0,    0,    0, 
AL, 95, 2025100512, 03, SHIP,  36, 106N,  380W,  46,    0, TS,   0,    ,    0,    0,    0,    0, 
AL, 95, 2025100512, 03, SHIP,  48, 115N,  421W,  55,    0, TS,   0,    ,    0,    0,    0,    0, 
AL, 95, 2025100512, 03, SHIP,  60, 123N,  461W,  60,    0, TS,   0,    ,    0,    0,    0,    0, 
AL, 95, 2025100512, 03, SHIP,  72, 128N,  500W,  66,    0, HU,   0,    ,    0,    0,    0,    0, 
AL, 95, 2025100512, 03, SHIP,  84, 136N,  533W,  71,    0, HU,   0,    ,    0,    0,    0,    0, 
AL, 95, 2025100512, 03, SHIP,  96, 145N,  563W,  74,    0, HU,   0,    ,    0,    0,    0,    0, 
AL, 95, 2025100512, 03, SHIP, 108, 158N,  587W,  76,    0, HU,   0,    ,    0,    0,    0,    0, 
AL, 95, 2025100512, 03, SHIP, 120, 171N,  606W,  77,    0, HU,   0,    ,    0,    0,    0,    0, 
AL, 95, 2025100512, 03, SHIP, 132, 185N,  620W,  82,    0, HU,   0,    ,    0,    0,    0,    0, 
AL, 95, 2025100512, 03, SHIP, 144, 199N,  631W,  83,    0, HU,   0,    ,    0,    0,    0,    0, 
AL, 95, 2025100512, 03, SHIP, 156, 216N,  638W,  91,    0, HU,   0,    ,    0,    0,    0,    0, 
AL, 95, 2025100512, 03, SHIP, 168, 235N,  643W,  97,    0, HU,   0,    ,    0,    0,    0,    0, 
AL, 95, 2025100512, 03, TABD,   0,  81N,  274W,   0,    0,   ,   0,    ,    0,    0,    0,    0, 
AL, 95, 2025100512, 03, TABD,   6,  83N,  288W,   0,    0,   ,   0,    ,    0,    0,    0,    0, 
AL, 95, 2025100512, 03, TABD,  12,  85N,  303W,   0,    0,   ,   0,    ,    0,    0,    0,    0, 
AL, 95, 2025100512, 03, TABD,  18,  88N,  317W,   0,    0,   ,   0,    ,    0,    0,    0,    0, 
AL, 95, 2025100512, 03, TABD,  24,  91N,  332W,   0,    0,   ,   0,    ,    0,    0,    0,    0, 
AL, 95, 2025100512, 03, TABD,  30,  95N,  347W,   0,    0,   ,   0,    ,    0,    0,    0,    0, 
AL, 95, 2025100512, 03, TABD,  36,  99N,  363W,   0,    0,   ,   0,    ,    0,    0,    0,    0, 
AL, 95, 2025100512, 03, TABD,  42, 104N,  379W,   0,    0,   ,   0,    ,    0,    0,    0,    0, 
AL, 95, 2025100512, 03, TABD,  48, 109N,  396W,   0,    0,   ,   0,    ,    0,    0,    0,    0, 
AL, 95, 2025100512, 03, TABD,  54, 115N,  413W,   0,    0,   ,   0,    ,    0,    0,    0,    0, 
AL, 95, 2025100512, 03, TABD,  60, 121N,  431W,   0,    0,   ,   0,    ,    0,    0,    0,    0, 
AL, 95, 2025100512, 03, TABD,  66, 127N,  450W,   0,    0,   ,   0,    ,    0,    0,    0,    0, 
AL, 95, 2025100512, 03, TABD,  72, 134N,  469W,   0,    0,   ,   0,    ,    0,    0,    0,    0, 
AL, 95, 2025100512, 03, TABD,  78, 140N,  486W,   0,    0,   ,   0,    ,    0,    0,    0,    0, 
AL, 95, 2025100512, 03, TABD,  84, 148N,  503W,   0,    0,   ,   0,    ,    0,    0,    0,    0, 
AL, 95, 2025100512, 03, TABD,  90, 156N,  519W,   0,    0,   ,   0,    ,    0,    0,    0,    0, 
AL, 95, 2025100512, 03, TABD,  96, 164N,  533W,   0,    0,   ,   0,    ,    0,    0,    0,    0, 
AL, 95, 2025100512, 03, TABD, 102, 173N,  546W,   0,    0,   ,   0,    ,    0,    0,    0,    0, 
AL, 95, 2025100512, 03, TABD, 108, 182N,  558W,   0,    0,   ,   0,    ,    0,    0,    0,    0, 
AL, 95, 2025100512, 03, TABD, 114, 192N,  568W,   0,    0,   ,   0,    ,    0,    0,    0,    0, 
AL, 95, 2025100512, 03, TABD, 120, 203N,  577W,   0,    0,   ,   0,    ,    0,    0,    0,    0, 
AL, 95, 2025100512, 03, TABD, 126, 214N,  584W,   0,    0,   ,   0,    ,    0,    0,    0,    0, 
AL, 95, 2025100512, 03, TABD, 132, 225N,  589W,   0,    0,   ,   0,    ,    0,    0,    0,    0, 
AL, 95, 2025100512, 03, TABD, 138, 237N,  593W,   0,    0,   ,   0,    ,    0,    0,    0,    0, 
AL, 95, 2025100512, 03, TABD, 144, 248N,  596W,   0,    0,   ,   0,    ,    0,    0,    0,    0, 
AL, 95, 2025100512, 03, TABD, 150, 259N,  597W,   0,    0,   ,   0,    ,    0,    0,    0,    0, 
AL, 95, 2025100512, 03, TABD, 156, 268N,  596W,   0,    0,   ,   0,    ,    0,    0,    0,    0, 
AL, 95, 2025100512, 03, TABD, 162, 278N,  595W,   0,    0,   ,   0,    ,    0,    0,    0,    0, 
AL, 95, 2025100512, 03, TABD, 168, 289N,  590W,   0,    0,   ,   0,    ,    0,    0,    0,    0, 
AL, 95, 2025100512, 03, TABM,   0,  81N,  274W,   0,    0,   ,   0,    ,    0,    0,    0,    0, 
AL, 95, 2025100512, 03, TABM,   6,  84N,  289W,   0,    0,   ,   0,    ,    0,    0,    0,    0, 
AL, 95, 2025100512, 03, TABM,  12,  87N,  305W,   0,    0,   ,   0,    ,    0,    0,    0,    0, 
AL, 95, 2025100512, 03, TABM,  18,  91N,  323W,   0,    0,   ,   0,    ,    0,    0,    0,    0, 
AL, 95, 2025100512, 03, TABM,  24,  96N,  341W,   0,    0,   ,   0,    ,    0,    0,    0,    0, 
AL, 95, 2025100512, 03, TABM,  30, 102N,  360W,   0,    0,   ,   0,    ,    0,    0,    0,    0, 
AL, 95, 2025100512, 03, TABM,  36, 106N,  380W,   0,    0,   ,   0,    ,    0,    0,    0,    0, 
AL, 95, 2025100512, 03, TABM,  42, 111N,  400W,   0,    0,   ,   0,    ,    0,    0,    0,    0, 
AL, 95, 2025100512, 03, TABM,  48, 115N,  421W,   0,    0,   ,   0,    ,    0,    0,    0,    0, 
AL, 95, 2025100512, 03, TABM,  54, 119N,  441W,   0,    0,   ,   0,    ,    0,    0,    0,    0, 
AL, 95, 2025100512, 03, TABM,  60, 123N,  461W,   0,    0,   ,   0,    ,    0,    0,    0,    0, 
AL, 95, 2025100512, 03, TABM,  66, 126N,  481W,   0,    0,   ,   0,    ,    0,    0,    0,    0, 
AL, 95, 2025100512, 03, TABM,  72, 128N,  500W,   0,    0,   ,   0,    ,    0,    0,    0,    0, 
AL, 95, 2025100512, 03, TABM,  78, 132N,  518W,   0,    0,   ,   0,    ,    0,    0,    0,    0, 
AL, 95, 2025100512, 03, TABM,  84, 136N,  534W,   0,    0,   ,   0,    ,    0,    0,    0,    0, 
AL, 95, 2025100512, 03, TABM,  90, 140N,  550W,   0,    0,   ,   0,    ,    0,    0,    0,    0, 
AL, 95, 2025100512, 03, TABM,  96, 145N,  564W,   0,    0,   ,   0,    ,    0,    0,    0,    0, 
AL, 95, 2025100512, 03, TABM, 102, 151N,  577W,   0,    0,   ,   0,    ,    0,    0,    0,    0, 
AL, 95, 2025100512, 03, TABM, 108, 158N,  588W,   0,    0,   ,   0,    ,    0,    0,    0,    0, 
AL, 95, 2025100512, 03, TABM, 114, 165N,  598W,   0,    0,   ,   0,    ,    0,    0,    0,    0, 
AL, 95, 2025100512, 03, TABM, 120, 171N,  607W,   0,    0,   ,   0,    ,    0,    0,    0,    0, 
AL, 95, 2025100512, 03, TABM, 126, 179N,  614W,   0,    0,   ,   0,    ,    0,    0,    0,    0, 
AL, 95, 2025100512, 03, TABM, 132, 185N,  620W,   0,    0,   ,   0,    ,    0,    0,    0,    0, 
AL, 95, 2025100512, 03, TABM, 138, 192N,  626W,   0,    0,   ,   0,    ,    0,    0,    0,    0, 
AL, 95, 2025100512, 03, TABM, 144, 199N,  631W,   0,    0,   ,   0,    ,    0,    0,    0,    0, 
AL, 95, 2025100512, 03, TABM, 150, 207N,  635W,   0,    0,   ,   0,    ,    0,    0,    0,    0, 
AL, 95, 2025100512, 03, TABM, 156, 216N,  639W,   0,    0,   ,   0,    ,    0,    0,    0,    0, 
AL, 95, 2025100512, 03, TABM, 162, 225N,  642W,   0,    0,   ,   0,    ,    0,    0,    0,    0, 
AL, 95, 2025100512, 03, TABM, 168, 235N,  644W,   0,    0,   ,   0,    ,    0,    0,    0,    0, 
AL, 95, 2025100512, 03, TABS,   0,  81N,  274W,   0,    0,   ,   0,    ,    0,    0,    0,    0, 
AL, 95, 2025100512, 03, TABS,   6,  84N,  288W,   0,    0,   ,   0,    ,    0,    0,    0,    0, 
AL, 95, 2025100512, 03, TABS,  12,  90N,  304W,   0,    0,   ,   0,    ,    0,    0,    0,    0, 
AL, 95, 2025100512, 03, TABS,  18,  97N,  321W,   0,    0,   ,   0,    ,    0,    0,    0,    0, 
AL, 95, 2025100512, 03, TABS,  24, 105N,  339W,   0,    0,   ,   0,    ,    0,    0,    0,    0, 
AL, 95, 2025100512, 03, TABS,  30, 112N,  360W,   0,    0,   ,   0,    ,    0,    0,    0,    0, 
AL, 95, 2025100512, 03, TABS,  36, 119N,  382W,   0,    0,   ,   0,    ,    0,    0,    0,    0, 
AL, 95, 2025100512, 03, TABS,  42, 125N,  405W,   0,    0,   ,   0,    ,    0,    0,    0,    0, 
AL, 95, 2025100512, 03, TABS,  48, 132N,  430W,   0,    0,   ,   0,    ,    0,    0,    0,    0, 
AL, 95, 2025100512, 03, TABS,  54, 138N,  457W,   0,    0,   ,   0,    ,    0,    0,    0,    0, 
AL, 95, 2025100512, 03, TABS,  60, 144N,  482W,   0,    0,   ,   0,    ,    0,    0,    0,    0, 
AL, 95, 2025100512, 03, TABS,  66, 148N,  506W,   0,    0,   ,   0,    ,    0,    0,    0,    0, 
AL, 95, 2025100512, 03, TABS,  72, 150N,  529W,   0,    0,   ,   0,    ,    0,    0,    0,    0, 
AL, 95, 2025100512, 03, TABS,  78, 153N,  552W,   0,    0,   ,   0,    ,    0,    0,    0,    0, 
AL, 95, 2025100512, 03, TABS,  84, 156N,  572W,   0,    0,   ,   0,    ,    0,    0,    0,    0, 
AL, 95, 2025100512, 03, TABS,  90, 157N,  591W,   0,    0,   ,   0,    ,    0,    0,    0,    0, 
AL, 95, 2025100512, 03, TABS,  96, 158N,  608W,   0,    0,   ,   0,    ,    0,    0,    0,    0, 
AL, 95, 2025100512, 03, TABS, 102, 160N,  622W,   0,    0,   ,   0,    ,    0,    0,    0,    0, 
AL, 95, 2025100512, 03, TABS, 108, 162N,  634W,   0,    0,   ,   0,    ,    0,    0,    0,    0, 
AL, 95, 2025100512, 03, TABS, 114, 162N,  644W,   0,    0,   ,   0,    ,    0,    0,    0,    0, 
AL, 95, 2025100512, 03, TABS, 120, 161N,  653W,   0,    0,   ,   0,    ,    0,    0,    0,    0, 
AL, 95, 2025100512, 03, TABS, 126, 162N,  660W,   0,    0,   ,   0,    ,    0,    0,    0,    0, 
AL, 95, 2025100512, 03, TABS, 132, 162N,  664W,   0,    0,   ,   0,    ,    0,    0,    0,    0, 
AL, 95, 2025100512, 03, TABS, 138, 161N,  669W,   0,    0,   ,   0,    ,    0,    0,    0,    0, 
AL, 95, 2025100512, 03, TABS, 144, 162N,  670W,   0,    0,   ,   0,    ,    0,    0,    0,    0, 
AL, 95, 2025100512, 03, TABS, 150, 165N,  669W,   0,    0,   ,   0,    ,    0,    0,    0,    0, 
AL, 95, 2025100512, 03, TABS, 156, 168N,  666W,   0,    0,   ,   0,    ,    0,    0,    0,    0, 
AL, 95, 2025100512, 03, TABS, 162, 172N,  661W,   0,    0,   ,   0,    ,    0,    0,    0,    0, 
AL, 95, 2025100512, 03, TABS, 168, 178N,  656W,   0,    0,   ,   0,    ,    0,    0,    0,    0, 
AL, 95, 2025100512, 03, TCLP,   0,  81N,  274W,  30,    0,   ,   0,    ,    0,    0,    0,    0, 
AL, 95, 2025100512, 03, TCLP,  12,  87N,  302W,  34,    0,   ,   0,    ,    0,    0,    0,    0, 
AL, 95, 2025100512, 03, TCLP,  24,  93N,  327W,  38,    0,   ,   0,    ,    0,    0,    0,    0, 
AL, 95, 2025100512, 03, TCLP,  36, 100N,  349W,  41,    0,   ,   0,    ,    0,    0,    0,    0, 
AL, 95, 2025100512, 03, TCLP,  48, 107N,  369W,  43,    0,   ,   0,    ,    0,    0,    0,    0, 
AL, 95, 2025100512, 03, TCLP,  60, 115N,  387W,  46,    0,   ,   0,    ,    0,    0,    0,    0, 
AL, 95, 2025100512, 03, TCLP,  72, 123N,  404W,  48,    0,   ,   0,    ,    0,    0,    0,    0, 
AL, 95, 2025100512, 03, TCLP,  84, 131N,  419W,  50,    0,   ,   0,    ,    0,    0,    0,    0, 
AL, 95, 2025100512, 03, TCLP,  96, 139N,  432W,  52,    0,   ,   0,    ,    0,    0,    0,    0, 
AL, 95, 2025100512, 03, TCLP, 108, 148N,  444W,  54,    0,   ,   0,    ,    0,    0,    0,    0, 
AL, 95, 2025100512, 03, TCLP, 120, 157N,  455W,  55,    0,   ,   0,    ,    0,    0,    0,    0, 
AL, 95, 2025100512, 03, TCLP, 132, 165N,  464W,  57,    0,   ,   0,    ,    0,    0,    0,    0, 
AL, 95, 2025100512, 03, TCLP, 144, 174N,  472W,  58,    0,   ,   0,    ,    0,    0,    0,    0, 
AL, 95, 2025100512, 03, TCLP, 156, 183N,  480W,  59,    0,   ,   0,    ,    0,    0,    0,    0, 
AL, 95, 2025100512, 03, TCLP, 168, 192N,  486W,  60,    0,   ,   0,    ,    0,    0,    0,    0, 
AL, 95, 2025100512, 03, TCLP, 180, 202N,  491W,  61,    0,   ,   0,    ,    0,    0,    0,    0, 
AL, 95, 2025100512, 03, TCLP, 192, 211N,  494W,  61,    0,   ,   0,    ,    0,    0,    0,    0, 
AL, 95, 2025100512, 03, TCLP, 204, 221N,  497W,  62,    0,   ,   0,    ,    0,    0,    0,    0, 
AL, 95, 2025100512, 03, TCLP, 216, 230N,  498W,  62,    0,   ,   0,    ,    0,    0,    0,    0, 
AL, 95, 2025100512, 03, TCLP, 228, 240N,  499W,  63,    0,   ,   0,    ,    0,    0,    0,    0, 
AL, 95, 2025100512, 03, TCLP, 240, 250N,  498W,  63,    0,   ,   0,    ,    0,    0,    0,    0, 
AL, 95, 2025100512, 03, XTRP,   0,  81N,  274W,   0,    0,   ,   0,    ,    0,    0,    0,    0, 
AL, 95, 2025100512, 03, XTRP,  12,  84N,  300W,   0,    0,   ,   0,    ,    0,    0,    0,    0, 
AL, 95, 2025100512, 03, XTRP,  24,  87N,  327W,   0,    0,   ,   0,    ,    0,    0,    0,    0, 
AL, 95, 2025100512, 03, XTRP,  36,  89N,  354W,   0,    0,   ,   0,    ,    0,    0,    0,    0, 
AL, 95, 2025100512, 03, XTRP,  48,  92N,  381W,   0,    0,   ,   0,    ,    0,    0,    0,    0, 
AL, 95, 2025100512, 03, XTRP,  60,  95N,  408W,   0,    0,   ,   0,    ,    0,    0,    0,    0, 
AL, 95, 2025100512, 03, XTRP,  72,  98N,  436W,   0,    0,   ,   0,    ,    0,    0,    0,    0, 
AL, 95, 2025100512, 03, XTRP,  84, 101N,  463W,   0,    0,   ,   0,    ,    0,    0,    0,    0, 
AL, 95, 2025100512, 03, XTRP,  96, 104N,  490W,   0,    0,   ,   0,    ,    0,    0,    0,    0, 
AL, 95, 2025100512, 03, XTRP, 108, 106N,  517W,   0,    0,   ,   0,    ,    0,    0,    0,    0, 
AL, 95, 2025100512, 03, XTRP, 120, 109N,  544W,   0,    0,   ,   0,    ,    0,    0,    0,    0, 
AL, 95, 2025100512, 03, XTRP, 132, 112N,  572W,   0,    0,   ,   0,    ,    0,    0,    0,    0, 
AL, 95, 2025100512, 03, XTRP, 144, 115N,  599W,   0,    0,   ,   0,    ,    0,    0,    0,    0, 
AL, 95, 2025100512, 03, XTRP, 156, 118N,  626W,   0,    0,   ,   0,    ,    0,    0,    0,    0, 
AL, 95, 2025100512, 03, XTRP, 168, 120N,  654W,   0,    0,   ,   0,    ,    0,    0,    0,    0, 
