EP, 94, 2025090112, 01, CARQ, -24, 133N,  967W,  25,    0, DB,  34, AAA,    0,    0,    0,    0,    0,    0,   0,   0,   0,   E,   0,   X,   0,   0,     INVEST,  , 
EP, 94, 2025090112, 01, CARQ, -18, 139N,  982W,  25,    0, DB,  34, AAA,    0,    0,    0,    0,    0,    0,   0,   0,   0,   E,   0,   X,   0,   0,     INVEST,  , 
EP, 94, 2025090112, 01, CARQ, -12, 145N,  998W,  25,    0, DB,  34, AAA,    0,    0,    0,    0,    0,    0,   0,   0,   0,   E,   0,   X, 291,  16,     INVEST,  , 
EP, 94, 2025090112, 01, CARQ,  -6, 150N, 1013W,  25,    0, DB,  34, AAA,    0,    0,    0,    0,    0,    0,   0,   0,   0,   E,   0,   X,   0,   0,     INVEST,  , 
EP, 94, 2025090112, 01, CARQ,   0, 153N, 1026W,  25, 1009, DB,  34, NEQ,    0,    0,    0,    0, 1011,  120,  80,   0,   0,   E,   0,   X, 285,  14,     INVEST, S, 
EP, 94, 2025090112, 01, CARQ,   0, 153N, 1026W,  25, 1009, DB,  50, NEQ,    0,    0,    0,    0, 1011,  120,  80,   0,   0,   E,   0,   X, 285,  14,     INVEST, S, 
EP, 94, 2025090112, 01, CARQ,   0, 153N, 1026W,  25, 1009, DB,  64, NEQ,    0,    0,    0,    0, 1011,  120,  80,   0,   0,   E,   0,   X, 285,  14,     INVEST, S, 
EP, 94, 2025090112, 03, CLP5,  12, 160N, 1051W,   0,    0,   ,   0,    ,    0,    0,    0,    0, 
EP, 94, 2025090112, 03, CLP5,  24, 166N, 1074W,   0,    0,   ,   0,    ,    0,    0,    0,    0, 
EP, 94, 2025090112, 03, CLP5,  36, 172N, 1095W,   0,    0,   ,   0,    ,    0,    0,    0,    0, 
EP, 94, 2025090112, 03, CLP5,  48, 179N, 1114W,   0,    0,   ,   0,    ,    0,    0,    0,    0, 
EP, 94, 2025090112, 03, CLP5,  60, 186N, 1129W,   0,    0,   ,   0,    ,    0,    0,    0,    0, 
EP, 94, 2025090112, 03, CLP5,  72, 192N, 1144W,   0,    0,   ,   0,    ,    0,    0,    0,    0, 
EP, 94, 2025090112, 03, CLP5,  84, 198N, 1160W,   0,    0,   ,   0,    ,    0,    0,    0,    0, 
EP, 94, 2025090112, 03, CLP5,  96, 204N, 1175W,   0,    0,   ,   0,    ,    0,    0,    0,    0, 
EP, 94, 2025090112, 03, CLP5, 108, 210N, 1190W,   0,    0,   ,   0,    ,    0,    0,    0,    0, 
EP, 94, 2025090112, 03, CLP5, 120, 216N, 1204W,   0,    0,   ,   0,    ,    0,    0,    0,    0, 
EP, 94, 2025090112, 03, DSHP,   0, 153N, 1026W,  25,    0, TD,   0,    ,    0,    0,    0,    0, 
EP, 94, 2025090112, 03, DSHP,  12, 162N, 1048W,  31,    0, TD,   0,    ,    0,    0,    0,    0, 
EP, 94, 2025090112, 03, DSHP,  24, 174N, 1068W,  36,    0, TS,   0,    ,    0,    0,    0,    0, 
EP, 94, 2025090112, 03, DSHP,  36, 188N, 1085W,  45,    0, TS,   0,    ,    0,    0,    0,    0, 
EP, 94, 2025090112, 03, DSHP,  48, 203N, 1105W,  52,    0, TS,   0,    ,    0,    0,    0,    0, 
EP, 94, 2025090112, 03, DSHP,  60, 216N, 1119W,  56,    0, TS,   0,    ,    0,    0,    0,    0, 
EP, 94, 2025090112, 03, DSHP,  72, 227N, 1128W,  58,    0, TS,   0,    ,    0,    0,    0,    0, 
EP, 94, 2025090112, 03, DSHP,  84, 241N, 1132W,  56,    0, TS,   0,    ,    0,    0,    0,    0, 
EP, 94, 2025090112, 03, DSHP,  96, 255N, 1128W,  54,    0, TS,   0,    ,    0,    0,    0,    0, 
EP, 94, 2025090112, 03, DSHP, 108, 271N, 1119W,  48,    0, TS,   0,    ,    0,    0,    0,    0, 
EP, 94, 2025090112, 03, DSHP, 120, 284N, 1102W,  38,    0, TS,   0,    ,    0,    0,    0,    0, 
EP, 94, 2025090112, 03, DSHP, 132, 294N, 1078W,  30,    0, TD,   0,    ,    0,    0,    0,    0, 
EP, 94, 2025090112, 03, DSHP, 144, 292N, 1053W,  28,    0, TD,   0,    ,    0,    0,    0,    0, 
EP, 94, 2025090112, 03, DSHP, 156, 281N, 1035W,  27,    0, TD,   0,    ,    0,    0,    0,    0, 
EP, 94, 2025090112, 03, DSHP, 168, 267N, 1031W,  27,    0, TD,   0,    ,    0,    0,    0,    0, 
EP, 94, 2025090112, 03, HCCA,   0, 153N, 1026W,  25,    0,   ,   0,    ,    0,    0,    0,    0, 
EP, 94, 2025090112, 03, IVCN,   0,   0N,    0W,  25,    0,   ,   0,    ,    0,    0,    0,    0, 
EP, 94, 2025090112, 03, IVCN,  12,   0N,    0W,  29,    0,   ,   0,    ,    0,    0,    0,    0, 
EP, 94, 2025090112, 03, IVCN,  24,   0N,    0W,  33,    0,   ,   0,    ,    0,    0,    0,    0, 
EP, 94, 2025090112, 03, IVCN,  36,   0N,    0W,  39,    0,   ,   0,    ,    0,    0,    0,    0, 
EP, 94, 2025090112, 03, IVCN,  48,   0N,    0W,  44,    0,   ,   0,    ,    0,    0,    0,    0, 
EP, 94, 2025090112, 03, IVCN,  60,   0N,    0W,  47,    0,   ,   0,    ,    0,    0,    0,    0, 
EP, 94, 2025090112, 03, IVCN,  72,   0N,    0W,  49,    0,   ,   0,    ,    0,    0,    0,    0, 
EP, 94, 2025090112, 03, IVCN,  84,   0N,    0W,  48,    0,   ,   0,    ,    0,    0,    0,    0, 
EP, 94, 2025090112, 03, IVCN,  96,   0N,    0W,  47,    0,   ,   0,    ,    0,    0,    0,    0, 
EP, 94, 2025090112, 03, IVCN, 108,   0N,    0W,  41,    0,   ,   0,    ,    0,    0,    0,    0, 
EP, 94, 2025090112, 03, IVCN, 120,   0N,    0W,  35,    0,   ,   0,    ,    0,    0,    0,    0, 
EP, 94, 2025090112, 03, IVCN, 132,   0N,    0W,  29,    0,   ,   0,    ,    0,    0,    0,    0, 
EP, 94, 2025090112, 03, IVCN, 144,   0N,    0W,  28,    0,   ,   0,    ,    0,    0,    0,    0, 
EP, 94, 2025090112, 03, IVCN, 156,   0N,    0W,  27,    0,   ,   0,    ,    0,    0,    0,    0, 
EP, 94, 2025090112, 03, IVCN, 168,   0N,    0W,  27,    0,   ,   0,    ,    0,    0,    0,    0, 
EP, 94, 2025090112, 03, LGEM,   0, 153N, 1026W,  25,    0, TD,   0,    ,    0,    0,    0,    0, 
EP, 94, 2025090112, 03, LGEM,  12, 162N, 1048W,  27,    0, TD,   0,    ,    0,    0,    0,    0, 
EP, 94, 2025090112, 03, LGEM,  24, 174N, 1068W,  30,    0, TD,   0,    ,    0,    0,    0,    0, 
EP, 94, 2025090112, 03, LGEM,  36, 188N, 1085W,  33,    0, TD,   0,    ,    0,    0,    0,    0, 
EP, 94, 2025090112, 03, LGEM,  48, 203N, 1105W,  36,    0, TS,   0,    ,    0,    0,    0,    0, 
EP, 94, 2025090112, 03, LGEM,  60, 216N, 1119W,  38,    0, TS,   0,    ,    0,    0,    0,    0, 
EP, 94, 2025090112, 03, LGEM,  72, 227N, 1128W,  40,    0, TS,   0,    ,    0,    0,    0,    0, 
EP, 94, 2025090112, 03, LGEM,  84, 241N, 1132W,  40,    0, TS,   0,    ,    0,    0,    0,    0, 
EP, 94, 2025090112, 03, LGEM,  96, 255N, 1128W,  39,    0, TS,   0,    ,    0,    0,    0,    0, 
EP, 94, 2025090112, 03, LGEM, 108, 271N, 1119W,  33,    0, TD,   0,    ,    0,    0,    0,    0, 
EP, 94, 2025090112, 03, LGEM, 120, 284N, 1102W,  31,    0, TD,   0,    ,    0,    0,    0,    0, 
EP, 94, 2025090112, 03, LGEM, 132, 294N, 1078W,  28,    0, TD,   0,    ,    0,    0,    0,    0, 
EP, 94, 2025090112, 03, LGEM, 144, 292N, 1053W,  27,    0, TD,   0,    ,    0,    0,    0,    0, 
EP, 94, 2025090112, 03, LGEM, 156, 281N, 1035W,  27,    0, TD,   0,    ,    0,    0,    0,    0, 
EP, 94, 2025090112, 03, LGEM, 168, 267N, 1031W,  27,    0, TD,   0,    ,    0,    0,    0,    0, 
EP, 94, 2025090112, 03, NNIB,   0, 153N, 1026W,  25,    0, TD,   0,    ,    0,    0,    0,    0, 
EP, 94, 2025090112, 03, NNIB,  12, 158N, 1038W,  29,    0, TD,   0,    ,    0,    0,    0,    0, 
EP, 94, 2025090112, 03, NNIB,  24, 162N, 1048W,  33,    0, TD,   0,    ,    0,    0,    0,    0, 
EP, 94, 2025090112, 03, NNIB,  36, 168N, 1058W,  39,    0, TS,   0,    ,    0,    0,    0,    0, 
EP, 94, 2025090112, 03, NNIB,  48, 174N, 1068W,  44,    0, TS,   0,    ,    0,    0,    0,    0, 
EP, 94, 2025090112, 03, NNIB,  60, 181N, 1077W,  47,    0, TS,   0,    ,    0,    0,    0,    0, 
EP, 94, 2025090112, 03, NNIB,  72, 188N, 1086W,  49,    0, TS,   0,    ,    0,    0,    0,    0, 
EP, 94, 2025090112, 03, NNIB,  84, 195N, 1096W,  48,    0, TS,   0,    ,    0,    0,    0,    0, 
EP, 94, 2025090112, 03, NNIB,  96, 203N, 1105W,  47,    0, TS,   0,    ,    0,    0,    0,    0, 
EP, 94, 2025090112, 03, NNIB, 108, 210N, 1112W,  41,    0, TS,   0,    ,    0,    0,    0,    0, 
EP, 94, 2025090112, 03, NNIB, 120, 216N, 1119W,  35,    0, TS,   0,    ,    0,    0,    0,    0, 
EP, 94, 2025090112, 03, NNIB, 132, 221N, 1124W,  29,    0, TD,   0,    ,    0,    0,    0,    0, 
EP, 94, 2025090112, 03, NNIB, 144, 227N, 1128W,  28,    0, TD,   0,    ,    0,    0,    0,    0, 
EP, 94, 2025090112, 03, NNIB, 156, 234N, 1131W,  27,    0, TD,   0,    ,    0,    0,    0,    0, 
EP, 94, 2025090112, 03, NNIB, 168, 241N, 1132W,  27,    0, TD,   0,    ,    0,    0,    0,    0, 
EP, 94, 2025090112, 03, NNIC,   0, 153N, 1026W,  25,    0, TD,   0,    ,    0,    0,    0,    0, 
EP, 94, 2025090112, 03, NNIC,  12, 158N, 1038W,  32,    0, TD,   0,    ,    0,    0,    0,    0, 
EP, 94, 2025090112, 03, NNIC,  24, 162N, 1048W,  38,    0, TS,   0,    ,    0,    0,    0,    0, 
EP, 94, 2025090112, 03, NNIC,  36, 168N, 1058W,  47,    0, TS,   0,    ,    0,    0,    0,    0, 
EP, 94, 2025090112, 03, NNIC,  48, 174N, 1068W,  53,    0, TS,   0,    ,    0,    0,    0,    0, 
EP, 94, 2025090112, 03, NNIC,  60, 181N, 1077W,  55,    0, TS,   0,    ,    0,    0,    0,    0, 
EP, 94, 2025090112, 03, NNIC,  72, 188N, 1086W,  52,    0, TS,   0,    ,    0,    0,    0,    0, 
EP, 94, 2025090112, 03, NNIC,  84, 195N, 1096W,  51,    0, TS,   0,    ,    0,    0,    0,    0, 
EP, 94, 2025090112, 03, NNIC,  96, 203N, 1105W,  52,    0, TS,   0,    ,    0,    0,    0,    0, 
EP, 94, 2025090112, 03, NNIC, 108, 210N, 1112W,  49,    0, TS,   0,    ,    0,    0,    0,    0, 
EP, 94, 2025090112, 03, NNIC, 120, 216N, 1119W,  50,    0, TS,   0,    ,    0,    0,    0,    0, 
EP, 94, 2025090112, 03, NNIC, 132, 221N, 1124W,  33,    0, TD,   0,    ,    0,    0,    0,    0, 
EP, 94, 2025090112, 03, NNIC, 144, 227N, 1128W,  23,    0, TD,   0,    ,    0,    0,    0,    0, 
EP, 94, 2025090112, 03, NNIC, 156, 234N, 1131W,  26,    0, TD,   0,    ,    0,    0,    0,    0, 
EP, 94, 2025090112, 03, NNIC, 168, 241N, 1132W,  53,    0, TS,   0,    ,    0,    0,    0,    0, 
EP, 94, 2025090112, 03, OCD5,   0, 153N, 1026W,  25,    0,   ,   0,    ,    0,    0,    0,    0, 
EP, 94, 2025090112, 03, OCD5,  12, 160N, 1051W,  30,    0,   ,   0,    ,    0,    0,    0,    0, 
EP, 94, 2025090112, 03, OCD5,  24, 166N, 1074W,  38,    0,   ,   0,    ,    0,    0,    0,    0, 
EP, 94, 2025090112, 03, OCD5,  36, 172N, 1095W,  45,    0,   ,   0,    ,    0,    0,    0,    0, 
EP, 94, 2025090112, 03, OCD5,  48, 179N, 1114W,  50,    0,   ,   0,    ,    0,    0,    0,    0, 
EP, 94, 2025090112, 03, OCD5,  60, 186N, 1129W,  53,    0,   ,   0,    ,    0,    0,    0,    0, 
EP, 94, 2025090112, 03, OCD5,  72, 192N, 1144W,  55,    0,   ,   0,    ,    0,    0,    0,    0, 
EP, 94, 2025090112, 03, OCD5,  84, 198N, 1160W,  55,    0,   ,   0,    ,    0,    0,    0,    0, 
EP, 94, 2025090112, 03, OCD5,  96, 204N, 1175W,  55,    0,   ,   0,    ,    0,    0,    0,    0, 
EP, 94, 2025090112, 03, OCD5, 108, 210N, 1190W,  53,    0,   ,   0,    ,    0,    0,    0,    0, 
EP, 94, 2025090112, 03, OCD5, 120, 216N, 1204W,  54,    0,   ,   0,    ,    0,    0,    0,    0, 
EP, 94, 2025090112, 03, SHF5,   0,   0N,    0W,  25,    0,   ,   0,    ,    0,    0,    0,    0, 
EP, 94, 2025090112, 03, SHF5,  12,   0N,    0W,  30,    0,   ,   0,    ,    0,    0,    0,    0, 
EP, 94, 2025090112, 03, SHF5,  24,   0N,    0W,  38,    0,   ,   0,    ,    0,    0,    0,    0, 
EP, 94, 2025090112, 03, SHF5,  36,   0N,    0W,  45,    0,   ,   0,    ,    0,    0,    0,    0, 
EP, 94, 2025090112, 03, SHF5,  48,   0N,    0W,  50,    0,   ,   0,    ,    0,    0,    0,    0, 
EP, 94, 2025090112, 03, SHF5,  60,   0N,    0W,  53,    0,   ,   0,    ,    0,    0,    0,    0, 
EP, 94, 2025090112, 03, SHF5,  72,   0N,    0W,  55,    0,   ,   0,    ,    0,    0,    0,    0, 
EP, 94, 2025090112, 03, SHF5,  84,   0N,    0W,  55,    0,   ,   0,    ,    0,    0,    0,    0, 
EP, 94, 2025090112, 03, SHF5,  96,   0N,    0W,  55,    0,   ,   0,    ,    0,    0,    0,    0, 
EP, 94, 2025090112, 03, SHF5, 108,   0N,    0W,  53,    0,   ,   0,    ,    0,    0,    0,    0, 
EP, 94, 2025090112, 03, SHF5, 120,   0N,    0W,  54,    0,   ,   0,    ,    0,    0,    0,    0, 
EP, 94, 2025090112, 03, SHIP,   0, 153N, 1026W,  25,    0, TD,   0,    ,    0,    0,    0,    0, 
EP, 94, 2025090112, 03, SHIP,  12, 162N, 1048W,  31,    0, TD,   0,    ,    0,    0,    0,    0, 
EP, 94, 2025090112, 03, SHIP,  24, 174N, 1068W,  36,    0, TS,   0,    ,    0,    0,    0,    0, 
EP, 94, 2025090112, 03, SHIP,  36, 188N, 1085W,  45,    0, TS,   0,    ,    0,    0,    0,    0, 
EP, 94, 2025090112, 03, SHIP,  48, 203N, 1105W,  52,    0, TS,   0,    ,    0,    0,    0,    0, 
EP, 94, 2025090112, 03, SHIP,  60, 216N, 1119W,  56,    0, TS,   0,    ,    0,    0,    0,    0, 
EP, 94, 2025090112, 03, SHIP,  72, 227N, 1128W,  58,    0, TS,   0,    ,    0,    0,    0,    0, 
EP, 94, 2025090112, 03, SHIP,  84, 241N, 1132W,  56,    0, TS,   0,    ,    0,    0,    0,    0, 
EP, 94, 2025090112, 03, SHIP,  96, 255N, 1128W,  54,    0, TS,   0,    ,    0,    0,    0,    0, 
EP, 94, 2025090112, 03, SHIP, 108, 271N, 1119W,  55,    0, TS,   0,    ,    0,    0,    0,    0, 
EP, 94, 2025090112, 03, SHIP, 120, 284N, 1102W,  54,    0, TS,   0,    ,    0,    0,    0,    0, 
EP, 94, 2025090112, 03, SHIP, 132, 294N, 1078W,  54,    0, TS,   0,    ,    0,    0,    0,    0, 
EP, 94, 2025090112, 03, SHIP, 144, 292N, 1053W,  52,    0, TS,   0,    ,    0,    0,    0,    0, 
EP, 94, 2025090112, 03, SHIP, 156, 281N, 1035W,  52,    0, TS,   0,    ,    0,    0,    0,    0, 
EP, 94, 2025090112, 03, SHIP, 168, 267N, 1031W,  55,    0, TS,   0,    ,    0,    0,    0,    0, 
EP, 94, 2025090112, 03, TABD,   0, 153N, 1026W,   0,    0,   ,   0,    ,    0,    0,    0,    0, 
EP, 94, 2025090112, 03, TABD,   6, 157N, 1039W,   0,    0,   ,   0,    ,    0,    0,    0,    0, 
EP, 94, 2025090112, 03, TABD,  12, 160N, 1049W,   0,    0,   ,   0,    ,    0,    0,    0,    0, 
EP, 94, 2025090112, 03, TABD,  18, 164N, 1059W,   0,    0,   ,   0,    ,    0,    0,    0,    0, 
EP, 94, 2025090112, 03, TABD,  24, 168N, 1070W,   0,    0,   ,   0,    ,    0,    0,    0,    0, 
EP, 94, 2025090112, 03, TABD,  30, 174N, 1079W,   0,    0,   ,   0,    ,    0,    0,    0,    0, 
EP, 94, 2025090112, 03, TABD,  36, 180N, 1088W,   0,    0,   ,   0,    ,    0,    0,    0,    0, 
EP, 94, 2025090112, 03, TABD,  42, 186N, 1097W,   0,    0,   ,   0,    ,    0,    0,    0,    0, 
EP, 94, 2025090112, 03, TABD,  48, 191N, 1105W,   0,    0,   ,   0,    ,    0,    0,    0,    0, 
EP, 94, 2025090112, 03, TABD,  54, 197N, 1112W,   0,    0,   ,   0,    ,    0,    0,    0,    0, 
EP, 94, 2025090112, 03, TABD,  60, 204N, 1118W,   0,    0,   ,   0,    ,    0,    0,    0,    0, 
EP, 94, 2025090112, 03, TABD,  66, 210N, 1122W,   0,    0,   ,   0,    ,    0,    0,    0,    0, 
EP, 94, 2025090112, 03, TABD,  72, 216N, 1125W,   0,    0,   ,   0,    ,    0,    0,    0,    0, 
EP, 94, 2025090112, 03, TABD,  78, 224N, 1127W,   0,    0,   ,   0,    ,    0,    0,    0,    0, 
EP, 94, 2025090112, 03, TABD,  84, 234N, 1127W,   0,    0,   ,   0,    ,    0,    0,    0,    0, 
EP, 94, 2025090112, 03, TABD,  90, 244N, 1124W,   0,    0,   ,   0,    ,    0,    0,    0,    0, 
EP, 94, 2025090112, 03, TABD,  96, 255N, 1119W,   0,    0,   ,   0,    ,    0,    0,    0,    0, 
EP, 94, 2025090112, 03, TABD, 102, 267N, 1113W,   0,    0,   ,   0,    ,    0,    0,    0,    0, 
EP, 94, 2025090112, 03, TABD, 108, 279N, 1103W,   0,    0,   ,   0,    ,    0,    0,    0,    0, 
EP, 94, 2025090112, 03, TABD, 114, 291N, 1091W,   0,    0,   ,   0,    ,    0,    0,    0,    0, 
EP, 94, 2025090112, 03, TABD, 120, 302N, 1076W,   0,    0,   ,   0,    ,    0,    0,    0,    0, 
EP, 94, 2025090112, 03, TABD, 126, 313N, 1059W,   0,    0,   ,   0,    ,    0,    0,    0,    0, 
EP, 94, 2025090112, 03, TABD, 132, 323N, 1041W,   0,    0,   ,   0,    ,    0,    0,    0,    0, 
EP, 94, 2025090112, 03, TABD, 138, 329N, 1022W,   0,    0,   ,   0,    ,    0,    0,    0,    0, 
EP, 94, 2025090112, 03, TABD, 144, 335N, 1006W,   0,    0,   ,   0,    ,    0,    0,    0,    0, 
EP, 94, 2025090112, 03, TABD, 150, 342N,  993W,   0,    0,   ,   0,    ,    0,    0,    0,    0, 
EP, 94, 2025090112, 03, TABD, 156, 349N,  982W,   0,    0,   ,   0,    ,    0,    0,    0,    0, 
EP, 94, 2025090112, 03, TABD, 162, 355N,  973W,   0,    0,   ,   0,    ,    0,    0,    0,    0, 
EP, 94, 2025090112, 03, TABD, 168, 363N,  965W,   0,    0,   ,   0,    ,    0,    0,    0,    0, 
EP, 94, 2025090112, 03, TABM,   0, 153N, 1026W,   0,    0,   ,   0,    ,    0,    0,    0,    0, 
EP, 94, 2025090112, 03, TABM,   6, 158N, 1038W,   0,    0,   ,   0,    ,    0,    0,    0,    0, 
EP, 94, 2025090112, 03, TABM,  12, 162N, 1048W,   0,    0,   ,   0,    ,    0,    0,    0,    0, 
EP, 94, 2025090112, 03, TABM,  18, 168N, 1058W,   0,    0,   ,   0,    ,    0,    0,    0,    0, 
EP, 94, 2025090112, 03, TABM,  24, 174N, 1068W,   0,    0,   ,   0,    ,    0,    0,    0,    0, 
EP, 94, 2025090112, 03, TABM,  30, 181N, 1077W,   0,    0,   ,   0,    ,    0,    0,    0,    0, 
EP, 94, 2025090112, 03, TABM,  36, 188N, 1086W,   0,    0,   ,   0,    ,    0,    0,    0,    0, 
EP, 94, 2025090112, 03, TABM,  42, 195N, 1096W,   0,    0,   ,   0,    ,    0,    0,    0,    0, 
EP, 94, 2025090112, 03, TABM,  48, 203N, 1105W,   0,    0,   ,   0,    ,    0,    0,    0,    0, 
EP, 94, 2025090112, 03, TABM,  54, 210N, 1112W,   0,    0,   ,   0,    ,    0,    0,    0,    0, 
EP, 94, 2025090112, 03, TABM,  60, 216N, 1119W,   0,    0,   ,   0,    ,    0,    0,    0,    0, 
EP, 94, 2025090112, 03, TABM,  66, 221N, 1124W,   0,    0,   ,   0,    ,    0,    0,    0,    0, 
EP, 94, 2025090112, 03, TABM,  72, 227N, 1128W,   0,    0,   ,   0,    ,    0,    0,    0,    0, 
EP, 94, 2025090112, 03, TABM,  78, 234N, 1131W,   0,    0,   ,   0,    ,    0,    0,    0,    0, 
EP, 94, 2025090112, 03, TABM,  84, 241N, 1132W,   0,    0,   ,   0,    ,    0,    0,    0,    0, 
EP, 94, 2025090112, 03, TABM,  90, 248N, 1131W,   0,    0,   ,   0,    ,    0,    0,    0,    0, 
EP, 94, 2025090112, 03, TABM,  96, 255N, 1128W,   0,    0,   ,   0,    ,    0,    0,    0,    0, 
EP, 94, 2025090112, 03, TABM, 102, 263N, 1125W,   0,    0,   ,   0,    ,    0,    0,    0,    0, 
EP, 94, 2025090112, 03, TABM, 108, 271N, 1119W,   0,    0,   ,   0,    ,    0,    0,    0,    0, 
EP, 94, 2025090112, 03, TABM, 114, 278N, 1111W,   0,    0,   ,   0,    ,    0,    0,    0,    0, 
EP, 94, 2025090112, 03, TABM, 120, 284N, 1102W,   0,    0,   ,   0,    ,    0,    0,    0,    0, 
EP, 94, 2025090112, 03, TABM, 126, 290N, 1091W,   0,    0,   ,   0,    ,    0,    0,    0,    0, 
EP, 94, 2025090112, 03, TABM, 132, 294N, 1078W,   0,    0,   ,   0,    ,    0,    0,    0,    0, 
EP, 94, 2025090112, 03, TABM, 138, 295N, 1065W,   0,    0,   ,   0,    ,    0,    0,    0,    0, 
EP, 94, 2025090112, 03, TABM, 144, 292N, 1053W,   0,    0,   ,   0,    ,    0,    0,    0,    0, 
EP, 94, 2025090112, 03, TABM, 150, 287N, 1043W,   0,    0,   ,   0,    ,    0,    0,    0,    0, 
EP, 94, 2025090112, 03, TABM, 156, 281N, 1035W,   0,    0,   ,   0,    ,    0,    0,    0,    0, 
EP, 94, 2025090112, 03, TABM, 162, 274N, 1031W,   0,    0,   ,   0,    ,    0,    0,    0,    0, 
EP, 94, 2025090112, 03, TABM, 168, 267N, 1032W,   0,    0,   ,   0,    ,    0,    0,    0,    0, 
EP, 94, 2025090112, 03, TABS,   0, 153N, 1026W,   0,    0,   ,   0,    ,    0,    0,    0,    0, 
EP, 94, 2025090112, 03, TABS,   6, 158N, 1037W,   0,    0,   ,   0,    ,    0,    0,    0,    0, 
EP, 94, 2025090112, 03, TABS,  12, 163N, 1046W,   0,    0,   ,   0,    ,    0,    0,    0,    0, 
EP, 94, 2025090112, 03, TABS,  18, 169N, 1055W,   0,    0,   ,   0,    ,    0,    0,    0,    0, 
EP, 94, 2025090112, 03, TABS,  24, 176N, 1064W,   0,    0,   ,   0,    ,    0,    0,    0,    0, 
EP, 94, 2025090112, 03, TABS,  30, 183N, 1073W,   0,    0,   ,   0,    ,    0,    0,    0,    0, 
EP, 94, 2025090112, 03, TABS,  36, 190N, 1084W,   0,    0,   ,   0,    ,    0,    0,    0,    0, 
EP, 94, 2025090112, 03, TABS,  42, 199N, 1093W,   0,    0,   ,   0,    ,    0,    0,    0,    0, 
EP, 94, 2025090112, 03, TABS,  48, 207N, 1102W,   0,    0,   ,   0,    ,    0,    0,    0,    0, 
EP, 94, 2025090112, 03, TABS,  54, 213N, 1110W,   0,    0,   ,   0,    ,    0,    0,    0,    0, 
EP, 94, 2025090112, 03, TABS,  60, 219N, 1118W,   0,    0,   ,   0,    ,    0,    0,    0,    0, 
EP, 94, 2025090112, 03, TABS,  66, 223N, 1126W,   0,    0,   ,   0,    ,    0,    0,    0,    0, 
EP, 94, 2025090112, 03, TABS,  72, 227N, 1132W,   0,    0,   ,   0,    ,    0,    0,    0,    0, 
EP, 94, 2025090112, 03, TABS,  78, 230N, 1137W,   0,    0,   ,   0,    ,    0,    0,    0,    0, 
EP, 94, 2025090112, 03, TABS,  84, 232N, 1140W,   0,    0,   ,   0,    ,    0,    0,    0,    0, 
EP, 94, 2025090112, 03, TABS,  90, 233N, 1140W,   0,    0,   ,   0,    ,    0,    0,    0,    0, 
EP, 94, 2025090112, 03, TABS,  96, 235N, 1138W,   0,    0,   ,   0,    ,    0,    0,    0,    0, 
EP, 94, 2025090112, 03, TABS, 102, 239N, 1135W,   0,    0,   ,   0,    ,    0,    0,    0,    0, 
EP, 94, 2025090112, 03, TABS, 108, 242N, 1130W,   0,    0,   ,   0,    ,    0,    0,    0,    0, 
EP, 94, 2025090112, 03, TABS, 114, 246N, 1125W,   0,    0,   ,   0,    ,    0,    0,    0,    0, 
EP, 94, 2025090112, 03, TABS, 120, 251N, 1120W,   0,    0,   ,   0,    ,    0,    0,    0,    0, 
EP, 94, 2025090112, 03, TABS, 126, 254N, 1114W,   0,    0,   ,   0,    ,    0,    0,    0,    0, 
EP, 94, 2025090112, 03, TABS, 132, 256N, 1109W,   0,    0,   ,   0,    ,    0,    0,    0,    0, 
EP, 94, 2025090112, 03, TABS, 138, 256N, 1105W,   0,    0,   ,   0,    ,    0,    0,    0,    0, 
EP, 94, 2025090112, 03, TABS, 144, 256N, 1104W,   0,    0,   ,   0,    ,    0,    0,    0,    0, 
EP, 94, 2025090112, 03, TABS, 150, 255N, 1104W,   0,    0,   ,   0,    ,    0,    0,    0,    0, 
EP, 94, 2025090112, 03, TABS, 156, 252N, 1103W,   0,    0,   ,   0,    ,    0,    0,    0,    0, 
EP, 94, 2025090112, 03, TABS, 162, 248N, 1104W,   0,    0,   ,   0,    ,    0,    0,    0,    0, 
EP, 94, 2025090112, 03, TABS, 168, 245N, 1108W,   0,    0,   ,   0,    ,    0,    0,    0,    0, 
EP, 94, 2025090112, 03, TCLP,   0, 153N, 1026W,  25,    0,   ,   0,    ,    0,    0,    0,    0, 
EP, 94, 2025090112, 03, TCLP,  12, 160N, 1052W,  26,    0,   ,   0,    ,    0,    0,    0,    0, 
EP, 94, 2025090112, 03, TCLP,  24, 167N, 1076W,  28,    0,   ,   0,    ,    0,    0,    0,    0, 
EP, 94, 2025090112, 03, TCLP,  36, 174N, 1097W,  30,    0,   ,   0,    ,    0,    0,    0,    0, 
EP, 94, 2025090112, 03, TCLP,  48, 181N, 1116W,  32,    0,   ,   0,    ,    0,    0,    0,    0, 
EP, 94, 2025090112, 03, TCLP,  60, 187N, 1133W,  34,    0,   ,   0,    ,    0,    0,    0,    0, 
EP, 94, 2025090112, 03, TCLP,  72, 194N, 1150W,  36,    0,   ,   0,    ,    0,    0,    0,    0, 
EP, 94, 2025090112, 03, TCLP,  84, 200N, 1165W,  37,    0,   ,   0,    ,    0,    0,    0,    0, 
EP, 94, 2025090112, 03, TCLP,  96, 206N, 1180W,  38,    0,   ,   0,    ,    0,    0,    0,    0, 
EP, 94, 2025090112, 03, TCLP, 108, 211N, 1194W,  39,    0,   ,   0,    ,    0,    0,    0,    0, 
EP, 94, 2025090112, 03, TCLP, 120, 217N, 1208W,  39,    0,   ,   0,    ,    0,    0,    0,    0, 
EP, 94, 2025090112, 03, TCLP, 132, 223N, 1222W,  39,    0,   ,   0,    ,    0,    0,    0,    0, 
EP, 94, 2025090112, 03, TCLP, 144, 228N, 1235W,  38,    0,   ,   0,    ,    0,    0,    0,    0, 
EP, 94, 2025090112, 03, TCLP, 156, 233N, 1248W,  37,    0,   ,   0,    ,    0,    0,    0,    0, 
EP, 94, 2025090112, 03, TCLP, 168, 238N, 1261W,  36,    0,   ,   0,    ,    0,    0,    0,    0, 
EP, 94, 2025090112, 03, TCLP, 180, 243N, 1273W,  35,    0,   ,   0,    ,    0,    0,    0,    0, 
EP, 94, 2025090112, 03, TCLP, 192, 248N, 1286W,  33,    0,   ,   0,    ,    0,    0,    0,    0, 
EP, 94, 2025090112, 03, TCLP, 204, 253N, 1299W,  32,    0,   ,   0,    ,    0,    0,    0,    0, 
EP, 94, 2025090112, 03, TCLP, 216, 258N, 1312W,  31,    0,   ,   0,    ,    0,    0,    0,    0, 
EP, 94, 2025090112, 03, TCLP, 228, 262N, 1324W,  30,    0,   ,   0,    ,    0,    0,    0,    0, 
EP, 94, 2025090112, 03, TCLP, 240, 267N, 1337W,  30,    0,   ,   0,    ,    0,    0,    0,    0, 
EP, 94, 2025090112, 03, XTRP,   0, 153N, 1026W,   0,    0,   ,   0,    ,    0,    0,    0,    0, 
EP, 94, 2025090112, 03, XTRP,  12, 161N, 1053W,   0,    0,   ,   0,    ,    0,    0,    0,    0, 
EP, 94, 2025090112, 03, XTRP,  24, 169N, 1081W,   0,    0,   ,   0,    ,    0,    0,    0,    0, 
EP, 94, 2025090112, 03, XTRP,  36, 176N, 1110W,   0,    0,   ,   0,    ,    0,    0,    0,    0, 
EP, 94, 2025090112, 03, XTRP,  48, 184N, 1138W,   0,    0,   ,   0,    ,    0,    0,    0,    0, 
EP, 94, 2025090112, 03, XTRP,  60, 192N, 1167W,   0,    0,   ,   0,    ,    0,    0,    0,    0, 
EP, 94, 2025090112, 03, XTRP,  72, 200N, 1196W,   0,    0,   ,   0,    ,    0,    0,    0,    0, 
EP, 94, 2025090112, 03, XTRP,  84, 207N, 1225W,   0,    0,   ,   0,    ,    0,    0,    0,    0, 
EP, 94, 2025090112, 03, XTRP,  96, 215N, 1254W,   0,    0,   ,   0,    ,    0,    0,    0,    0, 
EP, 94, 2025090112, 03, XTRP, 108, 223N, 1283W,   0,    0,   ,   0,    ,    0,    0,    0,    0, 
EP, 94, 2025090112, 03, XTRP, 120, 231N, 1312W,   0,    0,   ,   0,    ,    0,    0,    0,    0, 
EP, 94, 2025090112, 03, XTRP, 132, 239N, 1342W,   0,    0,   ,   0,    ,    0,    0,    0,    0, 
EP, 94, 2025090112, 03, XTRP, 144, 246N, 1372W,   0,    0,   ,   0,    ,    0,    0,    0,    0, 
EP, 94, 2025090112, 03, XTRP, 156, 254N, 1402W,   0,    0,   ,   0,    ,    0,    0,    0,    0, 
EP, 94, 2025090112, 03, XTRP, 168, 262N, 1432W,   0,    0,   ,   0,    ,    0,    0,    0,    0, 
