AL, 93, 2024091018, 01, CARQ, -24, 119N,  138W,  15,    0, DB,  34, AAA,    0,    0,    0,    0,    0,    0,   0,   0,   0,   L,   0,   X,   0,   0,     INVEST,  , 
AL, 93, 2024091018, 01, CARQ, -18, 126N,  172W,  15,    0, DB,  34, AAA,    0,    0,    0,    0,    0,    0,   0,   0,   0,   L,   0,   X,   0,   0,     INVEST,  , 
AL, 93, 2024091018, 01, CARQ, -12, 132N,  191W,  15,    0, DB,  34, AAA,    0,    0,    0,    0,    0,    0,   0,   0,   0,   L,   0,   X, 287,  19,     INVEST,  , 
AL, 93, 2024091018, 01, CARQ,  -6, 137N,  210W,  15,    0, DB,  34, AAA,    0,    0,    0,    0,    0,    0,   0,   0,   0,   L,   0,   X,   0,   0,     INVEST,  , 
AL, 93, 2024091018, 01, CARQ,   0, 140N,  225W,  20, 1009, DB,  34, NEQ,    0,    0,    0,    0, 1010,   70,  40,   0,   0,   L,   0,   X, 285,  18,     INVEST, S, 
AL, 93, 2024091018, 01, CARQ,   0, 140N,  225W,  20, 1009, DB,  50, NEQ,    0,    0,    0,    0, 1010,   70,  40,   0,   0,   L,   0,   X, 285,  18,     INVEST, S, 
AL, 93, 2024091018, 01, CARQ,   0, 140N,  225W,  20, 1009, DB,  64, NEQ,    0,    0,    0,    0, 1010,   70,  40,   0,   0,   L,   0,   X, 285,  18,     INVEST, S, 
AL, 93, 2024091018, 03, CLP5,  12, 149N,  257W,   0,    0,   ,   0,    ,    0,    0,    0,    0, 
AL, 93, 2024091018, 03, CLP5,  24, 158N,  287W,   0,    0,   ,   0,    ,    0,    0,    0,    0, 
AL, 93, 2024091018, 03, CLP5,  36, 169N,  315W,   0,    0,   ,   0,    ,    0,    0,    0,    0, 
AL, 93, 2024091018, 03, CLP5,  48, 179N,  340W,   0,    0,   ,   0,    ,    0,    0,    0,    0, 
AL, 93, 2024091018, 03, CLP5,  60, 187N,  364W,   0,    0,   ,   0,    ,    0,    0,    0,    0, 
AL, 93, 2024091018, 03, CLP5,  72, 196N,  388W,   0,    0,   ,   0,    ,    0,    0,    0,    0, 
AL, 93, 2024091018, 03, CLP5,  84, 209N,  407W,   0,    0,   ,   0,    ,    0,    0,    0,    0, 
AL, 93, 2024091018, 03, CLP5,  96, 223N,  420W,   0,    0,   ,   0,    ,    0,    0,    0,    0, 
AL, 93, 2024091018, 03, CLP5, 108, 237N,  434W,   0,    0,   ,   0,    ,    0,    0,    0,    0, 
AL, 93, 2024091018, 03, CLP5, 120, 251N,  445W,   0,    0,   ,   0,    ,    0,    0,    0,    0, 
AL, 93, 2024091018, 03, DSHP,   0, 140N,  225W,  20,    0, TD,   0,    ,    0,    0,    0,    0, 
AL, 93, 2024091018, 03, DSHP,  12, 150N,  256W,  23,    0, TD,   0,    ,    0,    0,    0,    0, 
AL, 93, 2024091018, 03, DSHP,  24, 164N,  288W,  27,    0, TD,   0,    ,    0,    0,    0,    0, 
AL, 93, 2024091018, 03, DSHP,  36, 176N,  321W,  32,    0, TD,   0,    ,    0,    0,    0,    0, 
AL, 93, 2024091018, 03, DSHP,  48, 188N,  353W,  39,    0, TS,   0,    ,    0,    0,    0,    0, 
AL, 93, 2024091018, 03, DSHP,  60, 191N,  383W,  46,    0, TS,   0,    ,    0,    0,    0,    0, 
AL, 93, 2024091018, 03, DSHP,  72, 189N,  407W,  53,    0, TS,   0,    ,    0,    0,    0,    0, 
AL, 93, 2024091018, 03, DSHP,  84, 181N,  422W,  59,    0, TS,   0,    ,    0,    0,    0,    0, 
AL, 93, 2024091018, 03, DSHP,  96, 175N,  431W,  61,    0, TS,   0,    ,    0,    0,    0,    0, 
AL, 93, 2024091018, 03, DSHP, 108, 171N,  430W,  67,    0, HU,   0,    ,    0,    0,    0,    0, 
AL, 93, 2024091018, 03, DSHP, 120, 170N,  427W,  72,    0, HU,   0,    ,    0,    0,    0,    0, 
AL, 93, 2024091018, 03, DSHP, 132, 172N,  425W,  74,    0, HU,   0,    ,    0,    0,    0,    0, 
AL, 93, 2024091018, 03, DSHP, 144, 179N,  423W,  74,    0, HU,   0,    ,    0,    0,    0,    0, 
AL, 93, 2024091018, 03, DSHP, 156, 192N,  422W,  76,    0, HU,   0,    ,    0,    0,    0,    0, 
AL, 93, 2024091018, 03, DSHP, 168, 207N,  420W,  76,    0, HU,   0,    ,    0,    0,    0,    0, 
AL, 93, 2024091018, 03, IVCN,   0,   0N,    0W,  20,    0,   ,   0,    ,    0,    0,    0,    0, 
AL, 93, 2024091018, 03, IVCN,  12,   0N,    0W,  22,    0,   ,   0,    ,    0,    0,    0,    0, 
AL, 93, 2024091018, 03, IVCN,  24,   0N,    0W,  25,    0,   ,   0,    ,    0,    0,    0,    0, 
AL, 93, 2024091018, 03, IVCN,  36,   0N,    0W,  29,    0,   ,   0,    ,    0,    0,    0,    0, 
AL, 93, 2024091018, 03, IVCN,  48,   0N,    0W,  34,    0,   ,   0,    ,    0,    0,    0,    0, 
AL, 93, 2024091018, 03, IVCN,  60,   0N,    0W,  38,    0,   ,   0,    ,    0,    0,    0,    0, 
AL, 93, 2024091018, 03, IVCN,  72,   0N,    0W,  43,    0,   ,   0,    ,    0,    0,    0,    0, 
AL, 93, 2024091018, 03, IVCN,  84,   0N,    0W,  48,    0,   ,   0,    ,    0,    0,    0,    0, 
AL, 93, 2024091018, 03, IVCN,  96,   0N,    0W,  51,    0,   ,   0,    ,    0,    0,    0,    0, 
AL, 93, 2024091018, 03, IVCN, 108,   0N,    0W,  57,    0,   ,   0,    ,    0,    0,    0,    0, 
AL, 93, 2024091018, 03, IVCN, 120,   0N,    0W,  63,    0,   ,   0,    ,    0,    0,    0,    0, 
AL, 93, 2024091018, 03, IVCN, 132,   0N,    0W,  68,    0,   ,   0,    ,    0,    0,    0,    0, 
AL, 93, 2024091018, 03, IVCN, 144,   0N,    0W,  72,    0,   ,   0,    ,    0,    0,    0,    0, 
AL, 93, 2024091018, 03, IVCN, 156,   0N,    0W,  76,    0,   ,   0,    ,    0,    0,    0,    0, 
AL, 93, 2024091018, 03, IVCN, 168,   0N,    0W,  79,    0,   ,   0,    ,    0,    0,    0,    0, 
AL, 93, 2024091018, 03, LGEM,   0, 140N,  225W,  20,    0, TD,   0,    ,    0,    0,    0,    0, 
AL, 93, 2024091018, 03, LGEM,  12, 150N,  256W,  21,    0, TD,   0,    ,    0,    0,    0,    0, 
AL, 93, 2024091018, 03, LGEM,  24, 164N,  288W,  23,    0, TD,   0,    ,    0,    0,    0,    0, 
AL, 93, 2024091018, 03, LGEM,  36, 176N,  321W,  25,    0, TD,   0,    ,    0,    0,    0,    0, 
AL, 93, 2024091018, 03, LGEM,  48, 188N,  353W,  28,    0, TD,   0,    ,    0,    0,    0,    0, 
AL, 93, 2024091018, 03, LGEM,  60, 191N,  383W,  30,    0, TD,   0,    ,    0,    0,    0,    0, 
AL, 93, 2024091018, 03, LGEM,  72, 189N,  407W,  33,    0, TD,   0,    ,    0,    0,    0,    0, 
AL, 93, 2024091018, 03, LGEM,  84, 181N,  422W,  36,    0, TS,   0,    ,    0,    0,    0,    0, 
AL, 93, 2024091018, 03, LGEM,  96, 175N,  431W,  41,    0, TS,   0,    ,    0,    0,    0,    0, 
AL, 93, 2024091018, 03, LGEM, 108, 171N,  430W,  47,    0, TS,   0,    ,    0,    0,    0,    0, 
AL, 93, 2024091018, 03, LGEM, 120, 170N,  427W,  53,    0, TS,   0,    ,    0,    0,    0,    0, 
AL, 93, 2024091018, 03, LGEM, 132, 172N,  425W,  61,    0, TS,   0,    ,    0,    0,    0,    0, 
AL, 93, 2024091018, 03, LGEM, 144, 179N,  423W,  69,    0, HU,   0,    ,    0,    0,    0,    0, 
AL, 93, 2024091018, 03, LGEM, 156, 192N,  422W,  76,    0, HU,   0,    ,    0,    0,    0,    0, 
AL, 93, 2024091018, 03, LGEM, 168, 207N,  420W,  81,    0, HU,   0,    ,    0,    0,    0,    0, 
AL, 93, 2024091018, 03, NNIB,   0, 140N,  225W,  20,    0, TD,   0,    ,    0,    0,    0,    0, 
AL, 93, 2024091018, 03, NNIB,  12, 145N,  241W,  22,    0, TD,   0,    ,    0,    0,    0,    0, 
AL, 93, 2024091018, 03, NNIB,  24, 150N,  257W,  25,    0, TD,   0,    ,    0,    0,    0,    0, 
AL, 93, 2024091018, 03, NNIB,  36, 157N,  273W,  29,    0, TD,   0,    ,    0,    0,    0,    0, 
AL, 93, 2024091018, 03, NNIB,  48, 164N,  289W,  34,    0, TS,   0,    ,    0,    0,    0,    0, 
AL, 93, 2024091018, 03, NNIB,  60, 170N,  304W,  38,    0, TS,   0,    ,    0,    0,    0,    0, 
AL, 93, 2024091018, 03, NNIB,  72, 176N,  321W,  43,    0, TS,   0,    ,    0,    0,    0,    0, 
AL, 93, 2024091018, 03, NNIB,  84, 182N,  338W,  48,    0, TS,   0,    ,    0,    0,    0,    0, 
AL, 93, 2024091018, 03, NNIB,  96, 188N,  354W,  51,    0, TS,   0,    ,    0,    0,    0,    0, 
AL, 93, 2024091018, 03, NNIB, 108, 191N,  369W,  57,    0, TS,   0,    ,    0,    0,    0,    0, 
AL, 93, 2024091018, 03, NNIB, 120, 191N,  384W,  63,    0, TS,   0,    ,    0,    0,    0,    0, 
AL, 93, 2024091018, 03, NNIB, 132, 191N,  397W,  68,    0, HU,   0,    ,    0,    0,    0,    0, 
AL, 93, 2024091018, 03, NNIB, 144, 189N,  408W,  72,    0, HU,   0,    ,    0,    0,    0,    0, 
AL, 93, 2024091018, 03, NNIB, 156, 185N,  416W,  76,    0, HU,   0,    ,    0,    0,    0,    0, 
AL, 93, 2024091018, 03, NNIB, 168, 181N,  423W,  79,    0, HU,   0,    ,    0,    0,    0,    0, 
AL, 93, 2024091018, 03, NNIC,   0, 140N,  225W,  20,    0, TD,   0,    ,    0,    0,    0,    0, 
AL, 93, 2024091018, 03, NNIC,  12, 145N,  241W,  24,    0, TD,   0,    ,    0,    0,    0,    0, 
AL, 93, 2024091018, 03, NNIC,  24, 150N,  257W,  28,    0, TD,   0,    ,    0,    0,    0,    0, 
AL, 93, 2024091018, 03, NNIC,  36, 157N,  273W,  31,    0, TD,   0,    ,    0,    0,    0,    0, 
AL, 93, 2024091018, 03, NNIC,  48, 164N,  289W,  36,    0, TS,   0,    ,    0,    0,    0,    0, 
AL, 93, 2024091018, 03, NNIC,  60, 170N,  304W,  40,    0, TS,   0,    ,    0,    0,    0,    0, 
AL, 93, 2024091018, 03, NNIC,  72, 176N,  321W,  47,    0, TS,   0,    ,    0,    0,    0,    0, 
AL, 93, 2024091018, 03, NNIC,  84, 182N,  338W,  50,    0, TS,   0,    ,    0,    0,    0,    0, 
AL, 93, 2024091018, 03, NNIC,  96, 188N,  354W,  54,    0, TS,   0,    ,    0,    0,    0,    0, 
AL, 93, 2024091018, 03, NNIC, 108, 191N,  369W,  59,    0, TS,   0,    ,    0,    0,    0,    0, 
AL, 93, 2024091018, 03, NNIC, 120, 191N,  384W,  58,    0, TS,   0,    ,    0,    0,    0,    0, 
AL, 93, 2024091018, 03, NNIC, 132, 191N,  397W,  40,    0, TS,   0,    ,    0,    0,    0,    0, 
AL, 93, 2024091018, 03, NNIC, 144, 189N,  408W,  79,    0, HU,   0,    ,    0,    0,    0,    0, 
AL, 93, 2024091018, 03, NNIC, 156, 185N,  416W,  91,    0, HU,   0,    ,    0,    0,    0,    0, 
AL, 93, 2024091018, 03, NNIC, 168, 181N,  423W,  69,    0, HU,   0,    ,    0,    0,    0,    0, 
AL, 93, 2024091018, 03, OCD5,   0, 140N,  225W,  20,    0,   ,   0,    ,    0,    0,    0,    0, 
AL, 93, 2024091018, 03, OCD5,  12, 149N,  257W,  24,    0,   ,   0,    ,    0,    0,    0,    0, 
AL, 93, 2024091018, 03, OCD5,  24, 158N,  287W,  30,    0,   ,   0,    ,    0,    0,    0,    0, 
AL, 93, 2024091018, 03, OCD5,  36, 169N,  315W,  36,    0,   ,   0,    ,    0,    0,    0,    0, 
AL, 93, 2024091018, 03, OCD5,  48, 179N,  340W,  40,    0,   ,   0,    ,    0,    0,    0,    0, 
AL, 93, 2024091018, 03, OCD5,  60, 187N,  364W,  46,    0,   ,   0,    ,    0,    0,    0,    0, 
AL, 93, 2024091018, 03, OCD5,  72, 196N,  388W,  51,    0,   ,   0,    ,    0,    0,    0,    0, 
AL, 93, 2024091018, 03, OCD5,  84, 209N,  407W,  56,    0,   ,   0,    ,    0,    0,    0,    0, 
AL, 93, 2024091018, 03, OCD5,  96, 223N,  420W,  59,    0,   ,   0,    ,    0,    0,    0,    0, 
AL, 93, 2024091018, 03, OCD5, 108, 237N,  434W,  59,    0,   ,   0,    ,    0,    0,    0,    0, 
AL, 93, 2024091018, 03, OCD5, 120, 251N,  445W,  50,    0,   ,   0,    ,    0,    0,    0,    0, 
AL, 93, 2024091018, 03, SHF5,   0,   0N,    0W,  20,    0,   ,   0,    ,    0,    0,    0,    0, 
AL, 93, 2024091018, 03, SHF5,  12,   0N,    0W,  24,    0,   ,   0,    ,    0,    0,    0,    0, 
AL, 93, 2024091018, 03, SHF5,  24,   0N,    0W,  30,    0,   ,   0,    ,    0,    0,    0,    0, 
AL, 93, 2024091018, 03, SHF5,  36,   0N,    0W,  36,    0,   ,   0,    ,    0,    0,    0,    0, 
AL, 93, 2024091018, 03, SHF5,  48,   0N,    0W,  40,    0,   ,   0,    ,    0,    0,    0,    0, 
AL, 93, 2024091018, 03, SHF5,  60,   0N,    0W,  46,    0,   ,   0,    ,    0,    0,    0,    0, 
AL, 93, 2024091018, 03, SHF5,  72,   0N,    0W,  51,    0,   ,   0,    ,    0,    0,    0,    0, 
AL, 93, 2024091018, 03, SHF5,  84,   0N,    0W,  56,    0,   ,   0,    ,    0,    0,    0,    0, 
AL, 93, 2024091018, 03, SHF5,  96,   0N,    0W,  59,    0,   ,   0,    ,    0,    0,    0,    0, 
AL, 93, 2024091018, 03, SHF5, 108,   0N,    0W,  59,    0,   ,   0,    ,    0,    0,    0,    0, 
AL, 93, 2024091018, 03, SHF5, 120,   0N,    0W,  50,    0,   ,   0,    ,    0,    0,    0,    0, 
AL, 93, 2024091018, 03, SHIP,   0, 140N,  225W,  20,    0, TD,   0,    ,    0,    0,    0,    0, 
AL, 93, 2024091018, 03, SHIP,  12, 150N,  256W,  23,    0, TD,   0,    ,    0,    0,    0,    0, 
AL, 93, 2024091018, 03, SHIP,  24, 164N,  288W,  27,    0, TD,   0,    ,    0,    0,    0,    0, 
AL, 93, 2024091018, 03, SHIP,  36, 176N,  321W,  32,    0, TD,   0,    ,    0,    0,    0,    0, 
AL, 93, 2024091018, 03, SHIP,  48, 188N,  353W,  39,    0, TS,   0,    ,    0,    0,    0,    0, 
AL, 93, 2024091018, 03, SHIP,  60, 191N,  383W,  46,    0, TS,   0,    ,    0,    0,    0,    0, 
AL, 93, 2024091018, 03, SHIP,  72, 189N,  407W,  53,    0, TS,   0,    ,    0,    0,    0,    0, 
AL, 93, 2024091018, 03, SHIP,  84, 181N,  422W,  59,    0, TS,   0,    ,    0,    0,    0,    0, 
AL, 93, 2024091018, 03, SHIP,  96, 175N,  431W,  61,    0, TS,   0,    ,    0,    0,    0,    0, 
AL, 93, 2024091018, 03, SHIP, 108, 171N,  430W,  67,    0, HU,   0,    ,    0,    0,    0,    0, 
AL, 93, 2024091018, 03, SHIP, 120, 170N,  427W,  72,    0, HU,   0,    ,    0,    0,    0,    0, 
AL, 93, 2024091018, 03, SHIP, 132, 172N,  425W,  74,    0, HU,   0,    ,    0,    0,    0,    0, 
AL, 93, 2024091018, 03, SHIP, 144, 179N,  423W,  74,    0, HU,   0,    ,    0,    0,    0,    0, 
AL, 93, 2024091018, 03, SHIP, 156, 192N,  422W,  76,    0, HU,   0,    ,    0,    0,    0,    0, 
AL, 93, 2024091018, 03, SHIP, 168, 207N,  420W,  76,    0, HU,   0,    ,    0,    0,    0,    0, 
AL, 93, 2024091018, 03, TABD,   0, 140N,  225W,   0,    0,   ,   0,    ,    0,    0,    0,    0, 
AL, 93, 2024091018, 03, TABD,   6, 144N,  240W,   0,    0,   ,   0,    ,    0,    0,    0,    0, 
AL, 93, 2024091018, 03, TABD,  12, 148N,  255W,   0,    0,   ,   0,    ,    0,    0,    0,    0, 
AL, 93, 2024091018, 03, TABD,  18, 153N,  268W,   0,    0,   ,   0,    ,    0,    0,    0,    0, 
AL, 93, 2024091018, 03, TABD,  24, 158N,  281W,   0,    0,   ,   0,    ,    0,    0,    0,    0, 
AL, 93, 2024091018, 03, TABD,  30, 164N,  293W,   0,    0,   ,   0,    ,    0,    0,    0,    0, 
AL, 93, 2024091018, 03, TABD,  36, 170N,  306W,   0,    0,   ,   0,    ,    0,    0,    0,    0, 
AL, 93, 2024091018, 03, TABD,  42, 177N,  318W,   0,    0,   ,   0,    ,    0,    0,    0,    0, 
AL, 93, 2024091018, 03, TABD,  48, 185N,  328W,   0,    0,   ,   0,    ,    0,    0,    0,    0, 
AL, 93, 2024091018, 03, TABD,  54, 192N,  338W,   0,    0,   ,   0,    ,    0,    0,    0,    0, 
AL, 93, 2024091018, 03, TABD,  60, 197N,  347W,   0,    0,   ,   0,    ,    0,    0,    0,    0, 
AL, 93, 2024091018, 03, TABD,  66, 203N,  353W,   0,    0,   ,   0,    ,    0,    0,    0,    0, 
AL, 93, 2024091018, 03, TABD,  72, 208N,  358W,   0,    0,   ,   0,    ,    0,    0,    0,    0, 
AL, 93, 2024091018, 03, TABD,  78, 212N,  362W,   0,    0,   ,   0,    ,    0,    0,    0,    0, 
AL, 93, 2024091018, 03, TABD,  84, 215N,  366W,   0,    0,   ,   0,    ,    0,    0,    0,    0, 
AL, 93, 2024091018, 03, TABD,  90, 218N,  368W,   0,    0,   ,   0,    ,    0,    0,    0,    0, 
AL, 93, 2024091018, 03, TABD,  96, 222N,  369W,   0,    0,   ,   0,    ,    0,    0,    0,    0, 
AL, 93, 2024091018, 03, TABD, 102, 226N,  368W,   0,    0,   ,   0,    ,    0,    0,    0,    0, 
AL, 93, 2024091018, 03, TABD, 108, 229N,  367W,   0,    0,   ,   0,    ,    0,    0,    0,    0, 
AL, 93, 2024091018, 03, TABD, 114, 232N,  366W,   0,    0,   ,   0,    ,    0,    0,    0,    0, 
AL, 93, 2024091018, 03, TABD, 120, 236N,  364W,   0,    0,   ,   0,    ,    0,    0,    0,    0, 
AL, 93, 2024091018, 03, TABD, 126, 238N,  362W,   0,    0,   ,   0,    ,    0,    0,    0,    0, 
AL, 93, 2024091018, 03, TABD, 132, 239N,  362W,   0,    0,   ,   0,    ,    0,    0,    0,    0, 
AL, 93, 2024091018, 03, TABD, 138, 240N,  362W,   0,    0,   ,   0,    ,    0,    0,    0,    0, 
AL, 93, 2024091018, 03, TABD, 144, 241N,  363W,   0,    0,   ,   0,    ,    0,    0,    0,    0, 
AL, 93, 2024091018, 03, TABD, 150, 241N,  364W,   0,    0,   ,   0,    ,    0,    0,    0,    0, 
AL, 93, 2024091018, 03, TABD, 156, 241N,  366W,   0,    0,   ,   0,    ,    0,    0,    0,    0, 
AL, 93, 2024091018, 03, TABD, 162, 242N,  368W,   0,    0,   ,   0,    ,    0,    0,    0,    0, 
AL, 93, 2024091018, 03, TABD, 168, 243N,  368W,   0,    0,   ,   0,    ,    0,    0,    0,    0, 
AL, 93, 2024091018, 03, TABM,   0, 140N,  225W,   0,    0,   ,   0,    ,    0,    0,    0,    0, 
AL, 93, 2024091018, 03, TABM,   6, 145N,  241W,   0,    0,   ,   0,    ,    0,    0,    0,    0, 
AL, 93, 2024091018, 03, TABM,  12, 150N,  257W,   0,    0,   ,   0,    ,    0,    0,    0,    0, 
AL, 93, 2024091018, 03, TABM,  18, 157N,  273W,   0,    0,   ,   0,    ,    0,    0,    0,    0, 
AL, 93, 2024091018, 03, TABM,  24, 164N,  289W,   0,    0,   ,   0,    ,    0,    0,    0,    0, 
AL, 93, 2024091018, 03, TABM,  30, 170N,  304W,   0,    0,   ,   0,    ,    0,    0,    0,    0, 
AL, 93, 2024091018, 03, TABM,  36, 176N,  321W,   0,    0,   ,   0,    ,    0,    0,    0,    0, 
AL, 93, 2024091018, 03, TABM,  42, 182N,  338W,   0,    0,   ,   0,    ,    0,    0,    0,    0, 
AL, 93, 2024091018, 03, TABM,  48, 188N,  354W,   0,    0,   ,   0,    ,    0,    0,    0,    0, 
AL, 93, 2024091018, 03, TABM,  54, 191N,  369W,   0,    0,   ,   0,    ,    0,    0,    0,    0, 
AL, 93, 2024091018, 03, TABM,  60, 191N,  384W,   0,    0,   ,   0,    ,    0,    0,    0,    0, 
AL, 93, 2024091018, 03, TABM,  66, 191N,  397W,   0,    0,   ,   0,    ,    0,    0,    0,    0, 
AL, 93, 2024091018, 03, TABM,  72, 189N,  408W,   0,    0,   ,   0,    ,    0,    0,    0,    0, 
AL, 93, 2024091018, 03, TABM,  78, 185N,  416W,   0,    0,   ,   0,    ,    0,    0,    0,    0, 
AL, 93, 2024091018, 03, TABM,  84, 181N,  423W,   0,    0,   ,   0,    ,    0,    0,    0,    0, 
AL, 93, 2024091018, 03, TABM,  90, 178N,  428W,   0,    0,   ,   0,    ,    0,    0,    0,    0, 
AL, 93, 2024091018, 03, TABM,  96, 175N,  431W,   0,    0,   ,   0,    ,    0,    0,    0,    0, 
AL, 93, 2024091018, 03, TABM, 102, 173N,  431W,   0,    0,   ,   0,    ,    0,    0,    0,    0, 
AL, 93, 2024091018, 03, TABM, 108, 171N,  430W,   0,    0,   ,   0,    ,    0,    0,    0,    0, 
AL, 93, 2024091018, 03, TABM, 114, 170N,  429W,   0,    0,   ,   0,    ,    0,    0,    0,    0, 
AL, 93, 2024091018, 03, TABM, 120, 170N,  428W,   0,    0,   ,   0,    ,    0,    0,    0,    0, 
AL, 93, 2024091018, 03, TABM, 126, 171N,  426W,   0,    0,   ,   0,    ,    0,    0,    0,    0, 
AL, 93, 2024091018, 03, TABM, 132, 172N,  425W,   0,    0,   ,   0,    ,    0,    0,    0,    0, 
AL, 93, 2024091018, 03, TABM, 138, 175N,  424W,   0,    0,   ,   0,    ,    0,    0,    0,    0, 
AL, 93, 2024091018, 03, TABM, 144, 179N,  424W,   0,    0,   ,   0,    ,    0,    0,    0,    0, 
AL, 93, 2024091018, 03, TABM, 150, 185N,  423W,   0,    0,   ,   0,    ,    0,    0,    0,    0, 
AL, 93, 2024091018, 03, TABM, 156, 192N,  423W,   0,    0,   ,   0,    ,    0,    0,    0,    0, 
AL, 93, 2024091018, 03, TABM, 162, 199N,  422W,   0,    0,   ,   0,    ,    0,    0,    0,    0, 
AL, 93, 2024091018, 03, TABM, 168, 207N,  420W,   0,    0,   ,   0,    ,    0,    0,    0,    0, 
AL, 93, 2024091018, 03, TABS,   0, 140N,  225W,   0,    0,   ,   0,    ,    0,    0,    0,    0, 
AL, 93, 2024091018, 03, TABS,   6, 146N,  240W,   0,    0,   ,   0,    ,    0,    0,    0,    0, 
AL, 93, 2024091018, 03, TABS,  12, 152N,  254W,   0,    0,   ,   0,    ,    0,    0,    0,    0, 
AL, 93, 2024091018, 03, TABS,  18, 160N,  269W,   0,    0,   ,   0,    ,    0,    0,    0,    0, 
AL, 93, 2024091018, 03, TABS,  24, 167N,  284W,   0,    0,   ,   0,    ,    0,    0,    0,    0, 
AL, 93, 2024091018, 03, TABS,  30, 174N,  301W,   0,    0,   ,   0,    ,    0,    0,    0,    0, 
AL, 93, 2024091018, 03, TABS,  36, 181N,  319W,   0,    0,   ,   0,    ,    0,    0,    0,    0, 
AL, 93, 2024091018, 03, TABS,  42, 189N,  338W,   0,    0,   ,   0,    ,    0,    0,    0,    0, 
AL, 93, 2024091018, 03, TABS,  48, 194N,  358W,   0,    0,   ,   0,    ,    0,    0,    0,    0, 
AL, 93, 2024091018, 03, TABS,  54, 197N,  378W,   0,    0,   ,   0,    ,    0,    0,    0,    0, 
AL, 93, 2024091018, 03, TABS,  60, 195N,  398W,   0,    0,   ,   0,    ,    0,    0,    0,    0, 
AL, 93, 2024091018, 03, TABS,  66, 192N,  415W,   0,    0,   ,   0,    ,    0,    0,    0,    0, 
AL, 93, 2024091018, 03, TABS,  72, 186N,  429W,   0,    0,   ,   0,    ,    0,    0,    0,    0, 
AL, 93, 2024091018, 03, TABS,  78, 179N,  440W,   0,    0,   ,   0,    ,    0,    0,    0,    0, 
AL, 93, 2024091018, 03, TABS,  84, 171N,  448W,   0,    0,   ,   0,    ,    0,    0,    0,    0, 
AL, 93, 2024091018, 03, TABS,  90, 165N,  454W,   0,    0,   ,   0,    ,    0,    0,    0,    0, 
AL, 93, 2024091018, 03, TABS,  96, 159N,  457W,   0,    0,   ,   0,    ,    0,    0,    0,    0, 
AL, 93, 2024091018, 03, TABS, 102, 155N,  457W,   0,    0,   ,   0,    ,    0,    0,    0,    0, 
AL, 93, 2024091018, 03, TABS, 108, 151N,  456W,   0,    0,   ,   0,    ,    0,    0,    0,    0, 
AL, 93, 2024091018, 03, TABS, 114, 148N,  455W,   0,    0,   ,   0,    ,    0,    0,    0,    0, 
AL, 93, 2024091018, 03, TABS, 120, 147N,  452W,   0,    0,   ,   0,    ,    0,    0,    0,    0, 
AL, 93, 2024091018, 03, TABS, 126, 147N,  447W,   0,    0,   ,   0,    ,    0,    0,    0,    0, 
AL, 93, 2024091018, 03, TABS, 132, 148N,  443W,   0,    0,   ,   0,    ,    0,    0,    0,    0, 
AL, 93, 2024091018, 03, TABS, 138, 150N,  439W,   0,    0,   ,   0,    ,    0,    0,    0,    0, 
AL, 93, 2024091018, 03, TABS, 144, 154N,  436W,   0,    0,   ,   0,    ,    0,    0,    0,    0, 
AL, 93, 2024091018, 03, TABS, 150, 161N,  433W,   0,    0,   ,   0,    ,    0,    0,    0,    0, 
AL, 93, 2024091018, 03, TABS, 156, 169N,  429W,   0,    0,   ,   0,    ,    0,    0,    0,    0, 
AL, 93, 2024091018, 03, TABS, 162, 178N,  425W,   0,    0,   ,   0,    ,    0,    0,    0,    0, 
AL, 93, 2024091018, 03, TABS, 168, 187N,  421W,   0,    0,   ,   0,    ,    0,    0,    0,    0, 
AL, 93, 2024091018, 03, TCLP,   0, 140N,  225W,  20,    0,   ,   0,    ,    0,    0,    0,    0, 
AL, 93, 2024091018, 03, TCLP,  12, 149N,  259W,  24,    0,   ,   0,    ,    0,    0,    0,    0, 
AL, 93, 2024091018, 03, TCLP,  24, 158N,  289W,  28,    0,   ,   0,    ,    0,    0,    0,    0, 
AL, 93, 2024091018, 03, TCLP,  36, 166N,  317W,  31,    0,   ,   0,    ,    0,    0,    0,    0, 
AL, 93, 2024091018, 03, TCLP,  48, 174N,  342W,  35,    0,   ,   0,    ,    0,    0,    0,    0, 
AL, 93, 2024091018, 03, TCLP,  60, 183N,  364W,  38,    0,   ,   0,    ,    0,    0,    0,    0, 
AL, 93, 2024091018, 03, TCLP,  72, 191N,  385W,  41,    0,   ,   0,    ,    0,    0,    0,    0, 
AL, 93, 2024091018, 03, TCLP,  84, 200N,  404W,  44,    0,   ,   0,    ,    0,    0,    0,    0, 
AL, 93, 2024091018, 03, TCLP,  96, 209N,  421W,  47,    0,   ,   0,    ,    0,    0,    0,    0, 
AL, 93, 2024091018, 03, TCLP, 108, 218N,  436W,  50,    0,   ,   0,    ,    0,    0,    0,    0, 
AL, 93, 2024091018, 03, TCLP, 120, 228N,  450W,  53,    0,   ,   0,    ,    0,    0,    0,    0, 
AL, 93, 2024091018, 03, TCLP, 132, 237N,  462W,  56,    0,   ,   0,    ,    0,    0,    0,    0, 
AL, 93, 2024091018, 03, TCLP, 144, 247N,  472W,  58,    0,   ,   0,    ,    0,    0,    0,    0, 
AL, 93, 2024091018, 03, TCLP, 156, 257N,  481W,  61,    0,   ,   0,    ,    0,    0,    0,    0, 
AL, 93, 2024091018, 03, TCLP, 168, 268N,  488W,  63,    0,   ,   0,    ,    0,    0,    0,    0, 
AL, 93, 2024091018, 03, TCLP, 180, 278N,  493W,  64,    0,   ,   0,    ,    0,    0,    0,    0, 
AL, 93, 2024091018, 03, TCLP, 192, 289N,  497W,  66,    0,   ,   0,    ,    0,    0,    0,    0, 
AL, 93, 2024091018, 03, TCLP, 204, 300N,  498W,  67,    0,   ,   0,    ,    0,    0,    0,    0, 
AL, 93, 2024091018, 03, TCLP, 216, 312N,  499W,  67,    0,   ,   0,    ,    0,    0,    0,    0, 
AL, 93, 2024091018, 03, TCLP, 228, 324N,  497W,  67,    0,   ,   0,    ,    0,    0,    0,    0, 
AL, 93, 2024091018, 03, TCLP, 240, 336N,  493W,  66,    0,   ,   0,    ,    0,    0,    0,    0, 
AL, 93, 2024091018, 03, XTRP,   0, 140N,  225W,   0,    0,   ,   0,    ,    0,    0,    0,    0, 
AL, 93, 2024091018, 03, XTRP,  12, 148N,  258W,   0,    0,   ,   0,    ,    0,    0,    0,    0, 
AL, 93, 2024091018, 03, XTRP,  24, 156N,  292W,   0,    0,   ,   0,    ,    0,    0,    0,    0, 
AL, 93, 2024091018, 03, XTRP,  36, 165N,  327W,   0,    0,   ,   0,    ,    0,    0,    0,    0, 
AL, 93, 2024091018, 03, XTRP,  48, 173N,  361W,   0,    0,   ,   0,    ,    0,    0,    0,    0, 
AL, 93, 2024091018, 03, XTRP,  60, 181N,  396W,   0,    0,   ,   0,    ,    0,    0,    0,    0, 
AL, 93, 2024091018, 03, XTRP,  72, 189N,  430W,   0,    0,   ,   0,    ,    0,    0,    0,    0, 
AL, 93, 2024091018, 03, XTRP,  84, 198N,  465W,   0,    0,   ,   0,    ,    0,    0,    0,    0, 
AL, 93, 2024091018, 03, XTRP,  96, 206N,  501W,   0,    0,   ,   0,    ,    0,    0,    0,    0, 
AL, 93, 2024091018, 03, XTRP, 108, 214N,  536W,   0,    0,   ,   0,    ,    0,    0,    0,    0, 
AL, 93, 2024091018, 03, XTRP, 120, 222N,  571W,   0,    0,   ,   0,    ,    0,    0,    0,    0, 
AL, 93, 2024091018, 03, XTRP, 132, 230N,  607W,   0,    0,   ,   0,    ,    0,    0,    0,    0, 
AL, 93, 2024091018, 03, XTRP, 144, 239N,  643W,   0,    0,   ,   0,    ,    0,    0,    0,    0, 
AL, 93, 2024091018, 03, XTRP, 156, 247N,  679W,   0,    0,   ,   0,    ,    0,    0,    0,    0, 
AL, 93, 2024091018, 03, XTRP, 168, 255N,  716W,   0,    0,   ,   0,    ,    0,    0,    0,    0, 
