EP, 97, 2024080400, 01, CARQ, -24, 145N, 1123W,  20,    0, DB,  34, AAA,    0,    0,    0,    0,    0,    0,   0,   0,   0,   E,   0,   X,   0,   0,     INVEST,  , 
EP, 97, 2024080400, 01, CARQ, -18, 148N, 1125W,  20,    0, DB,  34, AAA,    0,    0,    0,    0,    0,    0,   0,   0,   0,   E,   0,   X,   0,   0,     INVEST,  , 
EP, 97, 2024080400, 01, CARQ, -12, 151N, 1127W,  25,    0, DB,  34, AAA,    0,    0,    0,    0,    0,    0,   0,   0,   0,   E,   0,   X, 327,   4,     INVEST,  , 
EP, 97, 2024080400, 01, CARQ,  -6, 154N, 1129W,  25,    0, DB,  34, AAA,    0,    0,    0,    0,    0,    0,   0,   0,   0,   E,   0,   X,   0,   0,     INVEST,  , 
EP, 97, 2024080400, 01, CARQ,   0, 157N, 1129W,  25, 1008, DB,  34, NEQ,    0,    0,    0,    0, 1010,  140,  80,   0,   0,   E,   0,   X, 340,   3,     INVEST, S, 
EP, 97, 2024080400, 01, CARQ,   0, 157N, 1129W,  25, 1008, DB,  50, NEQ,    0,    0,    0,    0, 1010,  140,  80,   0,   0,   E,   0,   X, 340,   3,     INVEST, S, 
EP, 97, 2024080400, 01, CARQ,   0, 157N, 1129W,  25, 1008, DB,  64, NEQ,    0,    0,    0,    0, 1010,  140,  80,   0,   0,   E,   0,   X, 340,   3,     INVEST, S, 
EP, 97, 2024080400, 03, CLP5,  12, 163N, 1133W,   0,    0,   ,   0,    ,    0,    0,    0,    0, 
EP, 97, 2024080400, 03, CLP5,  24, 169N, 1138W,   0,    0,   ,   0,    ,    0,    0,    0,    0, 
EP, 97, 2024080400, 03, CLP5,  36, 175N, 1144W,   0,    0,   ,   0,    ,    0,    0,    0,    0, 
EP, 97, 2024080400, 03, CLP5,  48, 180N, 1152W,   0,    0,   ,   0,    ,    0,    0,    0,    0, 
EP, 97, 2024080400, 03, CLP5,  60, 185N, 1161W,   0,    0,   ,   0,    ,    0,    0,    0,    0, 
EP, 97, 2024080400, 03, CLP5,  72, 191N, 1170W,   0,    0,   ,   0,    ,    0,    0,    0,    0, 
EP, 97, 2024080400, 03, CLP5,  84, 195N, 1182W,   0,    0,   ,   0,    ,    0,    0,    0,    0, 
EP, 97, 2024080400, 03, CLP5,  96, 200N, 1194W,   0,    0,   ,   0,    ,    0,    0,    0,    0, 
EP, 97, 2024080400, 03, CLP5, 108, 204N, 1204W,   0,    0,   ,   0,    ,    0,    0,    0,    0, 
EP, 97, 2024080400, 03, CLP5, 120, 208N, 1215W,   0,    0,   ,   0,    ,    0,    0,    0,    0, 
EP, 97, 2024080400, 03, DSHP,   0, 157N, 1129W,  25,    0, TD,   0,    ,    0,    0,    0,    0, 
EP, 97, 2024080400, 03, DSHP,  12, 161N, 1134W,  31,    0, TD,   0,    ,    0,    0,    0,    0, 
EP, 97, 2024080400, 03, DSHP,  24, 159N, 1142W,  41,    0, TS,   0,    ,    0,    0,    0,    0, 
EP, 97, 2024080400, 03, DSHP,  36, 151N, 1150W,  51,    0, TS,   0,    ,    0,    0,    0,    0, 
EP, 97, 2024080400, 03, DSHP,  48, 138N, 1158W,  63,    0, TS,   0,    ,    0,    0,    0,    0, 
EP, 97, 2024080400, 03, DSHP,  60, 124N, 1160W,  73,    0, HU,   0,    ,    0,    0,    0,    0, 
EP, 97, 2024080400, 03, DSHP,  72, 129N, 1153W,  79,    0, HU,   0,    ,    0,    0,    0,    0, 
EP, 97, 2024080400, 03, DSHP,  84, 156N, 1149W,  87,    0, HU,   0,    ,    0,    0,    0,    0, 
EP, 97, 2024080400, 03, DSHP,  96, 194N, 1160W,  88,    0, HU,   0,    ,    0,    0,    0,    0, 
EP, 97, 2024080400, 03, DSHP, 108, 227N, 1192W,  86,    0, HU,   0,    ,    0,    0,    0,    0, 
EP, 97, 2024080400, 03, DSHP, 120, 247N, 1232W,  80,    0, HU,   0,    ,    0,    0,    0,    0, 
EP, 97, 2024080400, 03, DSHP, 132, 254N, 1277W,  72,    0, HU,   0,    ,    0,    0,    0,    0, 
EP, 97, 2024080400, 03, DSHP, 144, 252N, 1323W,  67,    0, HU,   0,    ,    0,    0,    0,    0, 
EP, 97, 2024080400, 03, DSHP, 156, 245N, 1362W,  62,    0, TS,   0,    ,    0,    0,    0,    0, 
EP, 97, 2024080400, 03, DSHP, 168, 234N, 1395W,  58,    0, TS,   0,    ,    0,    0,    0,    0, 
EP, 97, 2024080400, 03, IVCN,   0,   0N,    0W,  25,    0,   ,   0,    ,    0,    0,    0,    0, 
EP, 97, 2024080400, 03, IVCN,  12,   0N,    0W,  30,    0,   ,   0,    ,    0,    0,    0,    0, 
EP, 97, 2024080400, 03, IVCN,  24,   0N,    0W,  37,    0,   ,   0,    ,    0,    0,    0,    0, 
EP, 97, 2024080400, 03, IVCN,  36,   0N,    0W,  44,    0,   ,   0,    ,    0,    0,    0,    0, 
EP, 97, 2024080400, 03, IVCN,  48,   0N,    0W,  53,    0,   ,   0,    ,    0,    0,    0,    0, 
EP, 97, 2024080400, 03, IVCN,  60,   0N,    0W,  61,    0,   ,   0,    ,    0,    0,    0,    0, 
EP, 97, 2024080400, 03, IVCN,  72,   0N,    0W,  66,    0,   ,   0,    ,    0,    0,    0,    0, 
EP, 97, 2024080400, 03, IVCN,  84,   0N,    0W,  73,    0,   ,   0,    ,    0,    0,    0,    0, 
EP, 97, 2024080400, 03, IVCN,  96,   0N,    0W,  74,    0,   ,   0,    ,    0,    0,    0,    0, 
EP, 97, 2024080400, 03, IVCN, 108,   0N,    0W,  71,    0,   ,   0,    ,    0,    0,    0,    0, 
EP, 97, 2024080400, 03, IVCN, 120,   0N,    0W,  64,    0,   ,   0,    ,    0,    0,    0,    0, 
EP, 97, 2024080400, 03, IVCN, 132,   0N,    0W,  55,    0,   ,   0,    ,    0,    0,    0,    0, 
EP, 97, 2024080400, 03, IVCN, 144,   0N,    0W,  49,    0,   ,   0,    ,    0,    0,    0,    0, 
EP, 97, 2024080400, 03, IVCN, 156,   0N,    0W,  44,    0,   ,   0,    ,    0,    0,    0,    0, 
EP, 97, 2024080400, 03, IVCN, 168,   0N,    0W,  40,    0,   ,   0,    ,    0,    0,    0,    0, 
EP, 97, 2024080400, 03, LGEM,   0, 157N, 1129W,  25,    0, TD,   0,    ,    0,    0,    0,    0, 
EP, 97, 2024080400, 03, LGEM,  12, 161N, 1134W,  28,    0, TD,   0,    ,    0,    0,    0,    0, 
EP, 97, 2024080400, 03, LGEM,  24, 159N, 1142W,  32,    0, TD,   0,    ,    0,    0,    0,    0, 
EP, 97, 2024080400, 03, LGEM,  36, 151N, 1150W,  37,    0, TS,   0,    ,    0,    0,    0,    0, 
EP, 97, 2024080400, 03, LGEM,  48, 138N, 1158W,  43,    0, TS,   0,    ,    0,    0,    0,    0, 
EP, 97, 2024080400, 03, LGEM,  60, 124N, 1160W,  49,    0, TS,   0,    ,    0,    0,    0,    0, 
EP, 97, 2024080400, 03, LGEM,  72, 129N, 1153W,  53,    0, TS,   0,    ,    0,    0,    0,    0, 
EP, 97, 2024080400, 03, LGEM,  84, 156N, 1149W,  58,    0, TS,   0,    ,    0,    0,    0,    0, 
EP, 97, 2024080400, 03, LGEM,  96, 194N, 1160W,  60,    0, TS,   0,    ,    0,    0,    0,    0, 
EP, 97, 2024080400, 03, LGEM, 108, 227N, 1192W,  56,    0, TS,   0,    ,    0,    0,    0,    0, 
EP, 97, 2024080400, 03, LGEM, 120, 247N, 1232W,  47,    0, TS,   0,    ,    0,    0,    0,    0, 
EP, 97, 2024080400, 03, LGEM, 132, 254N, 1277W,  38,    0, TS,   0,    ,    0,    0,    0,    0, 
EP, 97, 2024080400, 03, LGEM, 144, 252N, 1323W,  31,    0, TD,   0,    ,    0,    0,    0,    0, 
EP, 97, 2024080400, 03, LGEM, 156, 245N, 1362W,  25,    0, TD,   0,    ,    0,    0,    0,    0, 
EP, 97, 2024080400, 03, LGEM, 168, 234N, 1395W,  22,    0, TD,   0,    ,    0,    0,    0,    0, 
EP, 97, 2024080400, 03, NNIB,   0, 157N, 1129W,  25,    0, TD,   0,    ,    0,    0,    0,    0, 
EP, 97, 2024080400, 03, NNIB,  12, 160N, 1131W,  30,    0, TD,   0,    ,    0,    0,    0,    0, 
EP, 97, 2024080400, 03, NNIB,  24, 161N, 1134W,  37,    0, TS,   0,    ,    0,    0,    0,    0, 
EP, 97, 2024080400, 03, NNIB,  36, 161N, 1138W,  44,    0, TS,   0,    ,    0,    0,    0,    0, 
EP, 97, 2024080400, 03, NNIB,  48, 159N, 1142W,  53,    0, TS,   0,    ,    0,    0,    0,    0, 
EP, 97, 2024080400, 03, NNIB,  60, 156N, 1146W,  61,    0, TS,   0,    ,    0,    0,    0,    0, 
EP, 97, 2024080400, 03, NNIB,  72, 151N, 1151W,  66,    0, HU,   0,    ,    0,    0,    0,    0, 
EP, 97, 2024080400, 03, NNIB,  84, 145N, 1155W,  73,    0, HU,   0,    ,    0,    0,    0,    0, 
EP, 97, 2024080400, 03, NNIB,  96, 138N, 1158W,  74,    0, HU,   0,    ,    0,    0,    0,    0, 
EP, 97, 2024080400, 03, NNIB, 108, 130N, 1160W,  71,    0, HU,   0,    ,    0,    0,    0,    0, 
EP, 97, 2024080400, 03, NNIB, 120, 124N, 1160W,  64,    0, HU,   0,    ,    0,    0,    0,    0, 
EP, 97, 2024080400, 03, NNIB, 132, 123N, 1157W,  55,    0, TS,   0,    ,    0,    0,    0,    0, 
EP, 97, 2024080400, 03, NNIB, 144, 129N, 1153W,  49,    0, TS,   0,    ,    0,    0,    0,    0, 
EP, 97, 2024080400, 03, NNIB, 156, 141N, 1149W,  44,    0, TS,   0,    ,    0,    0,    0,    0, 
EP, 97, 2024080400, 03, NNIB, 168, 156N, 1149W,  40,    0, TS,   0,    ,    0,    0,    0,    0, 
EP, 97, 2024080400, 03, NNIC,   0, 157N, 1129W,  25,    0, TD,   0,    ,    0,    0,    0,    0, 
EP, 97, 2024080400, 03, NNIC,  12, 160N, 1131W,  33,    0, TD,   0,    ,    0,    0,    0,    0, 
EP, 97, 2024080400, 03, NNIC,  24, 161N, 1134W,  43,    0, TS,   0,    ,    0,    0,    0,    0, 
EP, 97, 2024080400, 03, NNIC,  36, 161N, 1138W,  49,    0, TS,   0,    ,    0,    0,    0,    0, 
EP, 97, 2024080400, 03, NNIC,  48, 159N, 1142W,  56,    0, TS,   0,    ,    0,    0,    0,    0, 
EP, 97, 2024080400, 03, NNIC,  60, 156N, 1146W,  62,    0, TS,   0,    ,    0,    0,    0,    0, 
EP, 97, 2024080400, 03, NNIC,  72, 151N, 1151W,  69,    0, HU,   0,    ,    0,    0,    0,    0, 
EP, 97, 2024080400, 03, NNIC,  84, 145N, 1155W,  77,    0, HU,   0,    ,    0,    0,    0,    0, 
EP, 97, 2024080400, 03, NNIC,  96, 138N, 1158W,  78,    0, HU,   0,    ,    0,    0,    0,    0, 
EP, 97, 2024080400, 03, NNIC, 108, 130N, 1160W,  69,    0, HU,   0,    ,    0,    0,    0,    0, 
EP, 97, 2024080400, 03, NNIC, 120, 124N, 1160W,  39,    0, TS,   0,    ,    0,    0,    0,    0, 
EP, 97, 2024080400, 03, NNIC, 132, 123N, 1157W,  38,    0, TS,   0,    ,    0,    0,    0,    0, 
EP, 97, 2024080400, 03, NNIC, 144, 129N, 1153W,  25,    0, TD,   0,    ,    0,    0,    0,    0, 
EP, 97, 2024080400, 03, NNIC, 156, 141N, 1149W,  16,    0, TD,   0,    ,    0,    0,    0,    0, 
EP, 97, 2024080400, 03, NNIC, 168, 156N, 1149W,  42,    0, TS,   0,    ,    0,    0,    0,    0, 
EP, 97, 2024080400, 03, OCD5,   0, 157N, 1129W,  25,    0,   ,   0,    ,    0,    0,    0,    0, 
EP, 97, 2024080400, 03, OCD5,  12, 163N, 1133W,  29,    0,   ,   0,    ,    0,    0,    0,    0, 
EP, 97, 2024080400, 03, OCD5,  24, 169N, 1138W,  32,    0,   ,   0,    ,    0,    0,    0,    0, 
EP, 97, 2024080400, 03, OCD5,  36, 175N, 1144W,  35,    0,   ,   0,    ,    0,    0,    0,    0, 
EP, 97, 2024080400, 03, OCD5,  48, 180N, 1152W,  38,    0,   ,   0,    ,    0,    0,    0,    0, 
EP, 97, 2024080400, 03, OCD5,  60, 185N, 1161W,  45,    0,   ,   0,    ,    0,    0,    0,    0, 
EP, 97, 2024080400, 03, OCD5,  72, 191N, 1170W,  46,    0,   ,   0,    ,    0,    0,    0,    0, 
EP, 97, 2024080400, 03, OCD5,  84, 195N, 1182W,  46,    0,   ,   0,    ,    0,    0,    0,    0, 
EP, 97, 2024080400, 03, OCD5,  96, 200N, 1194W,  46,    0,   ,   0,    ,    0,    0,    0,    0, 
EP, 97, 2024080400, 03, OCD5, 108, 204N, 1204W,  45,    0,   ,   0,    ,    0,    0,    0,    0, 
EP, 97, 2024080400, 03, OCD5, 120, 208N, 1215W,  48,    0,   ,   0,    ,    0,    0,    0,    0, 
EP, 97, 2024080400, 03, SHF5,   0,   0N,    0W,  25,    0,   ,   0,    ,    0,    0,    0,    0, 
EP, 97, 2024080400, 03, SHF5,  12,   0N,    0W,  29,    0,   ,   0,    ,    0,    0,    0,    0, 
EP, 97, 2024080400, 03, SHF5,  24,   0N,    0W,  32,    0,   ,   0,    ,    0,    0,    0,    0, 
EP, 97, 2024080400, 03, SHF5,  36,   0N,    0W,  35,    0,   ,   0,    ,    0,    0,    0,    0, 
EP, 97, 2024080400, 03, SHF5,  48,   0N,    0W,  38,    0,   ,   0,    ,    0,    0,    0,    0, 
EP, 97, 2024080400, 03, SHF5,  60,   0N,    0W,  45,    0,   ,   0,    ,    0,    0,    0,    0, 
EP, 97, 2024080400, 03, SHF5,  72,   0N,    0W,  46,    0,   ,   0,    ,    0,    0,    0,    0, 
EP, 97, 2024080400, 03, SHF5,  84,   0N,    0W,  46,    0,   ,   0,    ,    0,    0,    0,    0, 
EP, 97, 2024080400, 03, SHF5,  96,   0N,    0W,  46,    0,   ,   0,    ,    0,    0,    0,    0, 
EP, 97, 2024080400, 03, SHF5, 108,   0N,    0W,  45,    0,   ,   0,    ,    0,    0,    0,    0, 
EP, 97, 2024080400, 03, SHF5, 120,   0N,    0W,  48,    0,   ,   0,    ,    0,    0,    0,    0, 
EP, 97, 2024080400, 03, SHIP,   0, 157N, 1129W,  25,    0, TD,   0,    ,    0,    0,    0,    0, 
EP, 97, 2024080400, 03, SHIP,  12, 161N, 1134W,  31,    0, TD,   0,    ,    0,    0,    0,    0, 
EP, 97, 2024080400, 03, SHIP,  24, 159N, 1142W,  41,    0, TS,   0,    ,    0,    0,    0,    0, 
EP, 97, 2024080400, 03, SHIP,  36, 151N, 1150W,  51,    0, TS,   0,    ,    0,    0,    0,    0, 
EP, 97, 2024080400, 03, SHIP,  48, 138N, 1158W,  63,    0, TS,   0,    ,    0,    0,    0,    0, 
EP, 97, 2024080400, 03, SHIP,  60, 124N, 1160W,  73,    0, HU,   0,    ,    0,    0,    0,    0, 
EP, 97, 2024080400, 03, SHIP,  72, 129N, 1153W,  79,    0, HU,   0,    ,    0,    0,    0,    0, 
EP, 97, 2024080400, 03, SHIP,  84, 156N, 1149W,  87,    0, HU,   0,    ,    0,    0,    0,    0, 
EP, 97, 2024080400, 03, SHIP,  96, 194N, 1160W,  88,    0, HU,   0,    ,    0,    0,    0,    0, 
EP, 97, 2024080400, 03, SHIP, 108, 227N, 1192W,  86,    0, HU,   0,    ,    0,    0,    0,    0, 
EP, 97, 2024080400, 03, SHIP, 120, 247N, 1232W,  80,    0, HU,   0,    ,    0,    0,    0,    0, 
EP, 97, 2024080400, 03, SHIP, 132, 254N, 1277W,  72,    0, HU,   0,    ,    0,    0,    0,    0, 
EP, 97, 2024080400, 03, SHIP, 144, 252N, 1323W,  67,    0, HU,   0,    ,    0,    0,    0,    0, 
EP, 97, 2024080400, 03, SHIP, 156, 245N, 1362W,  62,    0, TS,   0,    ,    0,    0,    0,    0, 
EP, 97, 2024080400, 03, SHIP, 168, 234N, 1395W,  58,    0, TS,   0,    ,    0,    0,    0,    0, 
EP, 97, 2024080400, 03, TABD,   0, 157N, 1129W,   0,    0,   ,   0,    ,    0,    0,    0,    0, 
EP, 97, 2024080400, 03, TABD,   6, 160N, 1131W,   0,    0,   ,   0,    ,    0,    0,    0,    0, 
EP, 97, 2024080400, 03, TABD,  12, 160N, 1134W,   0,    0,   ,   0,    ,    0,    0,    0,    0, 
EP, 97, 2024080400, 03, TABD,  18, 160N, 1137W,   0,    0,   ,   0,    ,    0,    0,    0,    0, 
EP, 97, 2024080400, 03, TABD,  24, 158N, 1140W,   0,    0,   ,   0,    ,    0,    0,    0,    0, 
EP, 97, 2024080400, 03, TABD,  30, 155N, 1145W,   0,    0,   ,   0,    ,    0,    0,    0,    0, 
EP, 97, 2024080400, 03, TABD,  36, 150N, 1150W,   0,    0,   ,   0,    ,    0,    0,    0,    0, 
EP, 97, 2024080400, 03, TABD,  42, 144N, 1155W,   0,    0,   ,   0,    ,    0,    0,    0,    0, 
EP, 97, 2024080400, 03, TABD,  48, 137N, 1160W,   0,    0,   ,   0,    ,    0,    0,    0,    0, 
EP, 97, 2024080400, 03, TABD,  54, 129N, 1164W,   0,    0,   ,   0,    ,    0,    0,    0,    0, 
EP, 97, 2024080400, 03, TABD,  60, 121N, 1166W,   0,    0,   ,   0,    ,    0,    0,    0,    0, 
EP, 97, 2024080400, 03, TABD,  66, 117N, 1166W,   0,    0,   ,   0,    ,    0,    0,    0,    0, 
EP, 97, 2024080400, 03, TABD,  72, 116N, 1164W,   0,    0,   ,   0,    ,    0,    0,    0,    0, 
EP, 97, 2024080400, 03, TABD,  78, 121N, 1161W,   0,    0,   ,   0,    ,    0,    0,    0,    0, 
EP, 97, 2024080400, 03, TABD,  84, 129N, 1157W,   0,    0,   ,   0,    ,    0,    0,    0,    0, 
EP, 97, 2024080400, 03, TABD,  90, 141N, 1155W,   0,    0,   ,   0,    ,    0,    0,    0,    0, 
EP, 97, 2024080400, 03, TABD,  96, 155N, 1156W,   0,    0,   ,   0,    ,    0,    0,    0,    0, 
EP, 97, 2024080400, 03, TABD, 102, 170N, 1159W,   0,    0,   ,   0,    ,    0,    0,    0,    0, 
EP, 97, 2024080400, 03, TABD, 108, 186N, 1166W,   0,    0,   ,   0,    ,    0,    0,    0,    0, 
EP, 97, 2024080400, 03, TABD, 114, 202N, 1174W,   0,    0,   ,   0,    ,    0,    0,    0,    0, 
EP, 97, 2024080400, 03, TABD, 120, 216N, 1185W,   0,    0,   ,   0,    ,    0,    0,    0,    0, 
EP, 97, 2024080400, 03, TABD, 126, 229N, 1198W,   0,    0,   ,   0,    ,    0,    0,    0,    0, 
EP, 97, 2024080400, 03, TABD, 132, 239N, 1211W,   0,    0,   ,   0,    ,    0,    0,    0,    0, 
EP, 97, 2024080400, 03, TABD, 138, 248N, 1224W,   0,    0,   ,   0,    ,    0,    0,    0,    0, 
EP, 97, 2024080400, 03, TABD, 144, 255N, 1237W,   0,    0,   ,   0,    ,    0,    0,    0,    0, 
EP, 97, 2024080400, 03, TABD, 150, 261N, 1251W,   0,    0,   ,   0,    ,    0,    0,    0,    0, 
EP, 97, 2024080400, 03, TABD, 156, 266N, 1265W,   0,    0,   ,   0,    ,    0,    0,    0,    0, 
EP, 97, 2024080400, 03, TABD, 162, 272N, 1279W,   0,    0,   ,   0,    ,    0,    0,    0,    0, 
EP, 97, 2024080400, 03, TABD, 168, 277N, 1293W,   0,    0,   ,   0,    ,    0,    0,    0,    0, 
EP, 97, 2024080400, 03, TABM,   0, 157N, 1129W,   0,    0,   ,   0,    ,    0,    0,    0,    0, 
EP, 97, 2024080400, 03, TABM,   6, 160N, 1131W,   0,    0,   ,   0,    ,    0,    0,    0,    0, 
EP, 97, 2024080400, 03, TABM,  12, 161N, 1134W,   0,    0,   ,   0,    ,    0,    0,    0,    0, 
EP, 97, 2024080400, 03, TABM,  18, 161N, 1138W,   0,    0,   ,   0,    ,    0,    0,    0,    0, 
EP, 97, 2024080400, 03, TABM,  24, 159N, 1142W,   0,    0,   ,   0,    ,    0,    0,    0,    0, 
EP, 97, 2024080400, 03, TABM,  30, 156N, 1146W,   0,    0,   ,   0,    ,    0,    0,    0,    0, 
EP, 97, 2024080400, 03, TABM,  36, 151N, 1151W,   0,    0,   ,   0,    ,    0,    0,    0,    0, 
EP, 97, 2024080400, 03, TABM,  42, 145N, 1155W,   0,    0,   ,   0,    ,    0,    0,    0,    0, 
EP, 97, 2024080400, 03, TABM,  48, 138N, 1158W,   0,    0,   ,   0,    ,    0,    0,    0,    0, 
EP, 97, 2024080400, 03, TABM,  54, 130N, 1160W,   0,    0,   ,   0,    ,    0,    0,    0,    0, 
EP, 97, 2024080400, 03, TABM,  60, 124N, 1160W,   0,    0,   ,   0,    ,    0,    0,    0,    0, 
EP, 97, 2024080400, 03, TABM,  66, 123N, 1157W,   0,    0,   ,   0,    ,    0,    0,    0,    0, 
EP, 97, 2024080400, 03, TABM,  72, 129N, 1153W,   0,    0,   ,   0,    ,    0,    0,    0,    0, 
EP, 97, 2024080400, 03, TABM,  78, 141N, 1149W,   0,    0,   ,   0,    ,    0,    0,    0,    0, 
EP, 97, 2024080400, 03, TABM,  84, 156N, 1149W,   0,    0,   ,   0,    ,    0,    0,    0,    0, 
EP, 97, 2024080400, 03, TABM,  90, 175N, 1153W,   0,    0,   ,   0,    ,    0,    0,    0,    0, 
EP, 97, 2024080400, 03, TABM,  96, 194N, 1161W,   0,    0,   ,   0,    ,    0,    0,    0,    0, 
EP, 97, 2024080400, 03, TABM, 102, 212N, 1175W,   0,    0,   ,   0,    ,    0,    0,    0,    0, 
EP, 97, 2024080400, 03, TABM, 108, 227N, 1192W,   0,    0,   ,   0,    ,    0,    0,    0,    0, 
EP, 97, 2024080400, 03, TABM, 114, 239N, 1211W,   0,    0,   ,   0,    ,    0,    0,    0,    0, 
EP, 97, 2024080400, 03, TABM, 120, 247N, 1232W,   0,    0,   ,   0,    ,    0,    0,    0,    0, 
EP, 97, 2024080400, 03, TABM, 126, 252N, 1254W,   0,    0,   ,   0,    ,    0,    0,    0,    0, 
EP, 97, 2024080400, 03, TABM, 132, 254N, 1277W,   0,    0,   ,   0,    ,    0,    0,    0,    0, 
EP, 97, 2024080400, 03, TABM, 138, 253N, 1300W,   0,    0,   ,   0,    ,    0,    0,    0,    0, 
EP, 97, 2024080400, 03, TABM, 144, 252N, 1323W,   0,    0,   ,   0,    ,    0,    0,    0,    0, 
EP, 97, 2024080400, 03, TABM, 150, 249N, 1343W,   0,    0,   ,   0,    ,    0,    0,    0,    0, 
EP, 97, 2024080400, 03, TABM, 156, 245N, 1362W,   0,    0,   ,   0,    ,    0,    0,    0,    0, 
EP, 97, 2024080400, 03, TABM, 162, 240N, 1380W,   0,    0,   ,   0,    ,    0,    0,    0,    0, 
EP, 97, 2024080400, 03, TABM, 168, 234N, 1396W,   0,    0,   ,   0,    ,    0,    0,    0,    0, 
EP, 97, 2024080400, 03, TABS,   0, 157N, 1129W,   0,    0,   ,   0,    ,    0,    0,    0,    0, 
EP, 97, 2024080400, 03, TABS,   6, 160N, 1131W,   0,    0,   ,   0,    ,    0,    0,    0,    0, 
EP, 97, 2024080400, 03, TABS,  12, 162N, 1132W,   0,    0,   ,   0,    ,    0,    0,    0,    0, 
EP, 97, 2024080400, 03, TABS,  18, 161N, 1133W,   0,    0,   ,   0,    ,    0,    0,    0,    0, 
EP, 97, 2024080400, 03, TABS,  24, 158N, 1135W,   0,    0,   ,   0,    ,    0,    0,    0,    0, 
EP, 97, 2024080400, 03, TABS,  30, 155N, 1137W,   0,    0,   ,   0,    ,    0,    0,    0,    0, 
EP, 97, 2024080400, 03, TABS,  36, 151N, 1139W,   0,    0,   ,   0,    ,    0,    0,    0,    0, 
EP, 97, 2024080400, 03, TABS,  42, 146N, 1141W,   0,    0,   ,   0,    ,    0,    0,    0,    0, 
EP, 97, 2024080400, 03, TABS,  48, 141N, 1142W,   0,    0,   ,   0,    ,    0,    0,    0,    0, 
EP, 97, 2024080400, 03, TABS,  54, 138N, 1142W,   0,    0,   ,   0,    ,    0,    0,    0,    0, 
EP, 97, 2024080400, 03, TABS,  60, 140N, 1142W,   0,    0,   ,   0,    ,    0,    0,    0,    0, 
EP, 97, 2024080400, 03, TABS,  66, 147N, 1144W,   0,    0,   ,   0,    ,    0,    0,    0,    0, 
EP, 97, 2024080400, 03, TABS,  72, 157N, 1148W,   0,    0,   ,   0,    ,    0,    0,    0,    0, 
EP, 97, 2024080400, 03, TABS,  78, 169N, 1155W,   0,    0,   ,   0,    ,    0,    0,    0,    0, 
EP, 97, 2024080400, 03, TABS,  84, 182N, 1166W,   0,    0,   ,   0,    ,    0,    0,    0,    0, 
EP, 97, 2024080400, 03, TABS,  90, 192N, 1178W,   0,    0,   ,   0,    ,    0,    0,    0,    0, 
EP, 97, 2024080400, 03, TABS,  96, 201N, 1192W,   0,    0,   ,   0,    ,    0,    0,    0,    0, 
EP, 97, 2024080400, 03, TABS, 102, 208N, 1207W,   0,    0,   ,   0,    ,    0,    0,    0,    0, 
EP, 97, 2024080400, 03, TABS, 108, 213N, 1221W,   0,    0,   ,   0,    ,    0,    0,    0,    0, 
EP, 97, 2024080400, 03, TABS, 114, 216N, 1236W,   0,    0,   ,   0,    ,    0,    0,    0,    0, 
EP, 97, 2024080400, 03, TABS, 120, 217N, 1250W,   0,    0,   ,   0,    ,    0,    0,    0,    0, 
EP, 97, 2024080400, 03, TABS, 126, 218N, 1263W,   0,    0,   ,   0,    ,    0,    0,    0,    0, 
EP, 97, 2024080400, 03, TABS, 132, 218N, 1276W,   0,    0,   ,   0,    ,    0,    0,    0,    0, 
EP, 97, 2024080400, 03, TABS, 138, 218N, 1287W,   0,    0,   ,   0,    ,    0,    0,    0,    0, 
EP, 97, 2024080400, 03, TABS, 144, 218N, 1299W,   0,    0,   ,   0,    ,    0,    0,    0,    0, 
EP, 97, 2024080400, 03, TABS, 150, 219N, 1310W,   0,    0,   ,   0,    ,    0,    0,    0,    0, 
EP, 97, 2024080400, 03, TABS, 156, 221N, 1321W,   0,    0,   ,   0,    ,    0,    0,    0,    0, 
EP, 97, 2024080400, 03, TABS, 162, 224N, 1333W,   0,    0,   ,   0,    ,    0,    0,    0,    0, 
EP, 97, 2024080400, 03, TABS, 168, 227N, 1347W,   0,    0,   ,   0,    ,    0,    0,    0,    0, 
EP, 97, 2024080400, 03, TCLP,   0, 157N, 1129W,  25,    0,   ,   0,    ,    0,    0,    0,    0, 
EP, 97, 2024080400, 03, TCLP,  12, 163N, 1133W,  26,    0,   ,   0,    ,    0,    0,    0,    0, 
EP, 97, 2024080400, 03, TCLP,  24, 168N, 1139W,  27,    0,   ,   0,    ,    0,    0,    0,    0, 
EP, 97, 2024080400, 03, TCLP,  36, 174N, 1148W,  29,    0,   ,   0,    ,    0,    0,    0,    0, 
EP, 97, 2024080400, 03, TCLP,  48, 180N, 1159W,  31,    0,   ,   0,    ,    0,    0,    0,    0, 
EP, 97, 2024080400, 03, TCLP,  60, 186N, 1171W,  33,    0,   ,   0,    ,    0,    0,    0,    0, 
EP, 97, 2024080400, 03, TCLP,  72, 192N, 1184W,  35,    0,   ,   0,    ,    0,    0,    0,    0, 
EP, 97, 2024080400, 03, TCLP,  84, 197N, 1198W,  36,    0,   ,   0,    ,    0,    0,    0,    0, 
EP, 97, 2024080400, 03, TCLP,  96, 203N, 1212W,  37,    0,   ,   0,    ,    0,    0,    0,    0, 
EP, 97, 2024080400, 03, TCLP, 108, 208N, 1228W,  38,    0,   ,   0,    ,    0,    0,    0,    0, 
EP, 97, 2024080400, 03, TCLP, 120, 214N, 1243W,  38,    0,   ,   0,    ,    0,    0,    0,    0, 
EP, 97, 2024080400, 03, TCLP, 132, 219N, 1260W,  37,    0,   ,   0,    ,    0,    0,    0,    0, 
EP, 97, 2024080400, 03, TCLP, 144, 224N, 1276W,  37,    0,   ,   0,    ,    0,    0,    0,    0, 
EP, 97, 2024080400, 03, TCLP, 156, 229N, 1293W,  36,    0,   ,   0,    ,    0,    0,    0,    0, 
EP, 97, 2024080400, 03, TCLP, 168, 233N, 1311W,  35,    0,   ,   0,    ,    0,    0,    0,    0, 
EP, 97, 2024080400, 03, TCLP, 180, 238N, 1329W,  34,    0,   ,   0,    ,    0,    0,    0,    0, 
EP, 97, 2024080400, 03, TCLP, 192, 243N, 1347W,  33,    0,   ,   0,    ,    0,    0,    0,    0, 
EP, 97, 2024080400, 03, TCLP, 204, 247N, 1365W,  33,    0,   ,   0,    ,    0,    0,    0,    0, 
EP, 97, 2024080400, 03, TCLP, 216, 252N, 1384W,  32,    0,   ,   0,    ,    0,    0,    0,    0, 
EP, 97, 2024080400, 03, TCLP, 228, 256N, 1403W,  32,    0,   ,   0,    ,    0,    0,    0,    0, 
EP, 97, 2024080400, 03, TCLP, 240, 260N, 1422W,  31,    0,   ,   0,    ,    0,    0,    0,    0, 
EP, 97, 2024080400, 03, XTRP,   0, 157N, 1129W,   0,    0,   ,   0,    ,    0,    0,    0,    0, 
EP, 97, 2024080400, 03, XTRP,  12, 163N, 1130W,   0,    0,   ,   0,    ,    0,    0,    0,    0, 
EP, 97, 2024080400, 03, XTRP,  24, 169N, 1132W,   0,    0,   ,   0,    ,    0,    0,    0,    0, 
EP, 97, 2024080400, 03, XTRP,  36, 175N, 1134W,   0,    0,   ,   0,    ,    0,    0,    0,    0, 
EP, 97, 2024080400, 03, XTRP,  48, 181N, 1136W,   0,    0,   ,   0,    ,    0,    0,    0,    0, 
EP, 97, 2024080400, 03, XTRP,  60, 187N, 1138W,   0,    0,   ,   0,    ,    0,    0,    0,    0, 
EP, 97, 2024080400, 03, XTRP,  72, 193N, 1140W,   0,    0,   ,   0,    ,    0,    0,    0,    0, 
EP, 97, 2024080400, 03, XTRP,  84, 199N, 1142W,   0,    0,   ,   0,    ,    0,    0,    0,    0, 
EP, 97, 2024080400, 03, XTRP,  96, 205N, 1144W,   0,    0,   ,   0,    ,    0,    0,    0,    0, 
EP, 97, 2024080400, 03, XTRP, 108, 211N, 1146W,   0,    0,   ,   0,    ,    0,    0,    0,    0, 
EP, 97, 2024080400, 03, XTRP, 120, 217N, 1149W,   0,    0,   ,   0,    ,    0,    0,    0,    0, 
EP, 97, 2024080400, 03, XTRP, 132, 223N, 1151W,   0,    0,   ,   0,    ,    0,    0,    0,    0, 
EP, 97, 2024080400, 03, XTRP, 144, 229N, 1153W,   0,    0,   ,   0,    ,    0,    0,    0,    0, 
EP, 97, 2024080400, 03, XTRP, 156, 235N, 1155W,   0,    0,   ,   0,    ,    0,    0,    0,    0, 
EP, 97, 2024080400, 03, XTRP, 168, 241N, 1157W,   0,    0,   ,   0,    ,    0,    0,    0,    0, 
