AL, 91, 2024093018, 01, CARQ, -24, 104N,  214W,  20,    0, DB,  34, AAA,    0,    0,    0,    0,    0,    0,   0,   0,   0,   L,   0,   X,   0,   0,     INVEST,  , 
AL, 91, 2024093018, 01, CARQ, -18, 104N,  221W,  20,    0, DB,  34, AAA,    0,    0,    0,    0,    0,    0,   0,   0,   0,   L,   0,   X,   0,   0,     INVEST,  , 
AL, 91, 2024093018, 01, CARQ, -12, 103N,  227W,  20,    0, DB,  34, AAA,    0,    0,    0,    0,    0,    0,   0,   0,   0,   L,   0,   X, 261,   6,     INVEST,  , 
AL, 91, 2024093018, 01, CARQ,  -6, 102N,  234W,  20,    0, DB,  34, AAA,    0,    0,    0,    0,    0,    0,   0,   0,   0,   L,   0,   X,   0,   0,     INVEST,  , 
AL, 91, 2024093018, 01, CARQ,   0, 101N,  241W,  25, 1008, DB,  34, NEQ,    0,    0,    0,    0, 1010,  150,  90,   0,   0,   L,   0,   X, 265,   7,     INVEST, S, 
AL, 91, 2024093018, 01, CARQ,   0, 101N,  241W,  25, 1008, DB,  50, NEQ,    0,    0,    0,    0, 1010,  150,  90,   0,   0,   L,   0,   X, 265,   7,     INVEST, S, 
AL, 91, 2024093018, 01, CARQ,   0, 101N,  241W,  25, 1008, DB,  64, NEQ,    0,    0,    0,    0, 1010,  150,  90,   0,   0,   L,   0,   X, 265,   7,     INVEST, S, 
AL, 91, 2024093018, 03, CLP5,  12, 101N,  259W,   0,    0,   ,   0,    ,    0,    0,    0,    0, 
AL, 91, 2024093018, 03, CLP5,  24, 104N,  276W,   0,    0,   ,   0,    ,    0,    0,    0,    0, 
AL, 91, 2024093018, 03, CLP5,  36, 108N,  296W,   0,    0,   ,   0,    ,    0,    0,    0,    0, 
AL, 91, 2024093018, 03, CLP5,  48, 114N,  316W,   0,    0,   ,   0,    ,    0,    0,    0,    0, 
AL, 91, 2024093018, 03, CLP5,  60, 116N,  337W,   0,    0,   ,   0,    ,    0,    0,    0,    0, 
AL, 91, 2024093018, 03, CLP5,  72, 119N,  357W,   0,    0,   ,   0,    ,    0,    0,    0,    0, 
AL, 91, 2024093018, 03, CLP5,  84, 127N,  383W,   0,    0,   ,   0,    ,    0,    0,    0,    0, 
AL, 91, 2024093018, 03, CLP5,  96, 138N,  409W,   0,    0,   ,   0,    ,    0,    0,    0,    0, 
AL, 91, 2024093018, 03, CLP5, 108, 152N,  435W,   0,    0,   ,   0,    ,    0,    0,    0,    0, 
AL, 91, 2024093018, 03, CLP5, 120, 164N,  459W,   0,    0,   ,   0,    ,    0,    0,    0,    0, 
AL, 91, 2024093018, 03, DSHP,   0, 101N,  241W,  25,    0, TD,   0,    ,    0,    0,    0,    0, 
AL, 91, 2024093018, 03, DSHP,  12, 102N,  255W,  28,    0, TD,   0,    ,    0,    0,    0,    0, 
AL, 91, 2024093018, 03, DSHP,  24, 105N,  266W,  30,    0, TD,   0,    ,    0,    0,    0,    0, 
AL, 91, 2024093018, 03, DSHP,  36, 106N,  275W,  32,    0, TD,   0,    ,    0,    0,    0,    0, 
AL, 91, 2024093018, 03, DSHP,  48, 108N,  280W,  36,    0, TS,   0,    ,    0,    0,    0,    0, 
AL, 91, 2024093018, 03, DSHP,  60, 104N,  281W,  41,    0, TS,   0,    ,    0,    0,    0,    0, 
AL, 91, 2024093018, 03, DSHP,  72, 100N,  285W,  48,    0, TS,   0,    ,    0,    0,    0,    0, 
AL, 91, 2024093018, 03, DSHP,  84, 101N,  286W,  50,    0, TS,   0,    ,    0,    0,    0,    0, 
AL, 91, 2024093018, 03, DSHP,  96, 110N,  287W,  58,    0, TS,   0,    ,    0,    0,    0,    0, 
AL, 91, 2024093018, 03, DSHP, 108, 125N,  292W,  64,    0, HU,   0,    ,    0,    0,    0,    0, 
AL, 91, 2024093018, 03, DSHP, 120, 145N,  305W,  71,    0, HU,   0,    ,    0,    0,    0,    0, 
AL, 91, 2024093018, 03, DSHP, 132, 162N,  321W,  73,    0, HU,   0,    ,    0,    0,    0,    0, 
AL, 91, 2024093018, 03, DSHP, 144, 176N,  345W,  72,    0, HU,   0,    ,    0,    0,    0,    0, 
AL, 91, 2024093018, 03, DSHP, 156, 189N,  368W,  71,    0, HU,   0,    ,    0,    0,    0,    0, 
AL, 91, 2024093018, 03, DSHP, 168, 204N,  393W,  70,    0, HU,   0,    ,    0,    0,    0,    0, 
AL, 91, 2024093018, 03, IVCN,   0,   0N,    0W,  25,    0,   ,   0,    ,    0,    0,    0,    0, 
AL, 91, 2024093018, 03, IVCN,  12,   0N,    0W,  28,    0,   ,   0,    ,    0,    0,    0,    0, 
AL, 91, 2024093018, 03, IVCN,  24,   0N,    0W,  29,    0,   ,   0,    ,    0,    0,    0,    0, 
AL, 91, 2024093018, 03, IVCN,  36,   0N,    0W,  30,    0,   ,   0,    ,    0,    0,    0,    0, 
AL, 91, 2024093018, 03, IVCN,  48,   0N,    0W,  33,    0,   ,   0,    ,    0,    0,    0,    0, 
AL, 91, 2024093018, 03, IVCN,  60,   0N,    0W,  36,    0,   ,   0,    ,    0,    0,    0,    0, 
AL, 91, 2024093018, 03, IVCN,  72,   0N,    0W,  40,    0,   ,   0,    ,    0,    0,    0,    0, 
AL, 91, 2024093018, 03, IVCN,  84,   0N,    0W,  43,    0,   ,   0,    ,    0,    0,    0,    0, 
AL, 91, 2024093018, 03, IVCN,  96,   0N,    0W,  49,    0,   ,   0,    ,    0,    0,    0,    0, 
AL, 91, 2024093018, 03, IVCN, 108,   0N,    0W,  56,    0,   ,   0,    ,    0,    0,    0,    0, 
AL, 91, 2024093018, 03, IVCN, 120,   0N,    0W,  62,    0,   ,   0,    ,    0,    0,    0,    0, 
AL, 91, 2024093018, 03, IVCN, 132,   0N,    0W,  65,    0,   ,   0,    ,    0,    0,    0,    0, 
AL, 91, 2024093018, 03, IVCN, 144,   0N,    0W,  65,    0,   ,   0,    ,    0,    0,    0,    0, 
AL, 91, 2024093018, 03, IVCN, 156,   0N,    0W,  64,    0,   ,   0,    ,    0,    0,    0,    0, 
AL, 91, 2024093018, 03, IVCN, 168,   0N,    0W,  63,    0,   ,   0,    ,    0,    0,    0,    0, 
AL, 91, 2024093018, 03, LGEM,   0, 101N,  241W,  25,    0, TD,   0,    ,    0,    0,    0,    0, 
AL, 91, 2024093018, 03, LGEM,  12, 102N,  255W,  28,    0, TD,   0,    ,    0,    0,    0,    0, 
AL, 91, 2024093018, 03, LGEM,  24, 105N,  266W,  28,    0, TD,   0,    ,    0,    0,    0,    0, 
AL, 91, 2024093018, 03, LGEM,  36, 106N,  275W,  28,    0, TD,   0,    ,    0,    0,    0,    0, 
AL, 91, 2024093018, 03, LGEM,  48, 108N,  280W,  29,    0, TD,   0,    ,    0,    0,    0,    0, 
AL, 91, 2024093018, 03, LGEM,  60, 104N,  281W,  30,    0, TD,   0,    ,    0,    0,    0,    0, 
AL, 91, 2024093018, 03, LGEM,  72, 100N,  285W,  31,    0, TD,   0,    ,    0,    0,    0,    0, 
AL, 91, 2024093018, 03, LGEM,  84, 101N,  286W,  35,    0, TS,   0,    ,    0,    0,    0,    0, 
AL, 91, 2024093018, 03, LGEM,  96, 110N,  287W,  40,    0, TS,   0,    ,    0,    0,    0,    0, 
AL, 91, 2024093018, 03, LGEM, 108, 125N,  292W,  47,    0, TS,   0,    ,    0,    0,    0,    0, 
AL, 91, 2024093018, 03, LGEM, 120, 145N,  305W,  53,    0, TS,   0,    ,    0,    0,    0,    0, 
AL, 91, 2024093018, 03, LGEM, 132, 162N,  321W,  57,    0, TS,   0,    ,    0,    0,    0,    0, 
AL, 91, 2024093018, 03, LGEM, 144, 176N,  345W,  58,    0, TS,   0,    ,    0,    0,    0,    0, 
AL, 91, 2024093018, 03, LGEM, 156, 189N,  368W,  57,    0, TS,   0,    ,    0,    0,    0,    0, 
AL, 91, 2024093018, 03, LGEM, 168, 204N,  393W,  55,    0, TS,   0,    ,    0,    0,    0,    0, 
AL, 91, 2024093018, 03, NNIB,   0, 101N,  241W,  25,    0, TD,   0,    ,    0,    0,    0,    0, 
AL, 91, 2024093018, 03, NNIB,  12, 101N,  248W,  28,    0, TD,   0,    ,    0,    0,    0,    0, 
AL, 91, 2024093018, 03, NNIB,  24, 102N,  255W,  29,    0, TD,   0,    ,    0,    0,    0,    0, 
AL, 91, 2024093018, 03, NNIB,  36, 103N,  261W,  30,    0, TD,   0,    ,    0,    0,    0,    0, 
AL, 91, 2024093018, 03, NNIB,  48, 105N,  266W,  33,    0, TD,   0,    ,    0,    0,    0,    0, 
AL, 91, 2024093018, 03, NNIB,  60, 106N,  271W,  36,    0, TS,   0,    ,    0,    0,    0,    0, 
AL, 91, 2024093018, 03, NNIB,  72, 106N,  275W,  40,    0, TS,   0,    ,    0,    0,    0,    0, 
AL, 91, 2024093018, 03, NNIB,  84, 107N,  278W,  43,    0, TS,   0,    ,    0,    0,    0,    0, 
AL, 91, 2024093018, 03, NNIB,  96, 108N,  280W,  49,    0, TS,   0,    ,    0,    0,    0,    0, 
AL, 91, 2024093018, 03, NNIB, 108, 106N,  281W,  56,    0, TS,   0,    ,    0,    0,    0,    0, 
AL, 91, 2024093018, 03, NNIB, 120, 104N,  282W,  62,    0, TS,   0,    ,    0,    0,    0,    0, 
AL, 91, 2024093018, 03, NNIB, 132, 101N,  283W,  65,    0, HU,   0,    ,    0,    0,    0,    0, 
AL, 91, 2024093018, 03, NNIB, 144, 100N,  285W,  65,    0, HU,   0,    ,    0,    0,    0,    0, 
AL, 91, 2024093018, 03, NNIB, 156,  99N,  286W,  64,    0, HU,   0,    ,    0,    0,    0,    0, 
AL, 91, 2024093018, 03, NNIB, 168, 101N,  287W,  63,    0, TS,   0,    ,    0,    0,    0,    0, 
AL, 91, 2024093018, 03, NNIC,   0, 101N,  241W,  25,    0, TD,   0,    ,    0,    0,    0,    0, 
AL, 91, 2024093018, 03, NNIC,  12, 101N,  248W,  30,    0, TD,   0,    ,    0,    0,    0,    0, 
AL, 91, 2024093018, 03, NNIC,  24, 102N,  255W,  32,    0, TD,   0,    ,    0,    0,    0,    0, 
AL, 91, 2024093018, 03, NNIC,  36, 103N,  261W,  31,    0, TD,   0,    ,    0,    0,    0,    0, 
AL, 91, 2024093018, 03, NNIC,  48, 105N,  266W,  33,    0, TD,   0,    ,    0,    0,    0,    0, 
AL, 91, 2024093018, 03, NNIC,  60, 106N,  271W,  35,    0, TS,   0,    ,    0,    0,    0,    0, 
AL, 91, 2024093018, 03, NNIC,  72, 106N,  275W,  44,    0, TS,   0,    ,    0,    0,    0,    0, 
AL, 91, 2024093018, 03, NNIC,  84, 107N,  278W,  37,    0, TS,   0,    ,    0,    0,    0,    0, 
AL, 91, 2024093018, 03, NNIC,  96, 108N,  280W,  46,    0, TS,   0,    ,    0,    0,    0,    0, 
AL, 91, 2024093018, 03, NNIC, 108, 106N,  281W,  55,    0, TS,   0,    ,    0,    0,    0,    0, 
AL, 91, 2024093018, 03, NNIC, 120, 104N,  282W,  63,    0, TS,   0,    ,    0,    0,    0,    0, 
AL, 91, 2024093018, 03, NNIC, 132, 101N,  283W,  57,    0, TS,   0,    ,    0,    0,    0,    0, 
AL, 91, 2024093018, 03, NNIC, 144, 100N,  285W,  87,    0, HU,   0,    ,    0,    0,    0,    0, 
AL, 91, 2024093018, 03, NNIC, 156,  99N,  286W,  72,    0, HU,   0,    ,    0,    0,    0,    0, 
AL, 91, 2024093018, 03, NNIC, 168, 101N,  287W,  69,    0, HU,   0,    ,    0,    0,    0,    0, 
AL, 91, 2024093018, 03, OCD5,   0, 101N,  241W,  25,    0,   ,   0,    ,    0,    0,    0,    0, 
AL, 91, 2024093018, 03, OCD5,  12, 101N,  259W,  30,    0,   ,   0,    ,    0,    0,    0,    0, 
AL, 91, 2024093018, 03, OCD5,  24, 104N,  276W,  35,    0,   ,   0,    ,    0,    0,    0,    0, 
AL, 91, 2024093018, 03, OCD5,  36, 108N,  296W,  38,    0,   ,   0,    ,    0,    0,    0,    0, 
AL, 91, 2024093018, 03, OCD5,  48, 114N,  316W,  42,    0,   ,   0,    ,    0,    0,    0,    0, 
AL, 91, 2024093018, 03, OCD5,  60, 116N,  337W,  43,    0,   ,   0,    ,    0,    0,    0,    0, 
AL, 91, 2024093018, 03, OCD5,  72, 119N,  357W,  45,    0,   ,   0,    ,    0,    0,    0,    0, 
AL, 91, 2024093018, 03, OCD5,  84, 127N,  383W,  48,    0,   ,   0,    ,    0,    0,    0,    0, 
AL, 91, 2024093018, 03, OCD5,  96, 138N,  409W,  49,    0,   ,   0,    ,    0,    0,    0,    0, 
AL, 91, 2024093018, 03, OCD5, 108, 152N,  435W,  49,    0,   ,   0,    ,    0,    0,    0,    0, 
AL, 91, 2024093018, 03, OCD5, 120, 164N,  459W,  47,    0,   ,   0,    ,    0,    0,    0,    0, 
AL, 91, 2024093018, 03, SHF5,   0,   0N,    0W,  25,    0,   ,   0,    ,    0,    0,    0,    0, 
AL, 91, 2024093018, 03, SHF5,  12,   0N,    0W,  30,    0,   ,   0,    ,    0,    0,    0,    0, 
AL, 91, 2024093018, 03, SHF5,  24,   0N,    0W,  35,    0,   ,   0,    ,    0,    0,    0,    0, 
AL, 91, 2024093018, 03, SHF5,  36,   0N,    0W,  38,    0,   ,   0,    ,    0,    0,    0,    0, 
AL, 91, 2024093018, 03, SHF5,  48,   0N,    0W,  42,    0,   ,   0,    ,    0,    0,    0,    0, 
AL, 91, 2024093018, 03, SHF5,  60,   0N,    0W,  43,    0,   ,   0,    ,    0,    0,    0,    0, 
AL, 91, 2024093018, 03, SHF5,  72,   0N,    0W,  45,    0,   ,   0,    ,    0,    0,    0,    0, 
AL, 91, 2024093018, 03, SHF5,  84,   0N,    0W,  48,    0,   ,   0,    ,    0,    0,    0,    0, 
AL, 91, 2024093018, 03, SHF5,  96,   0N,    0W,  49,    0,   ,   0,    ,    0,    0,    0,    0, 
AL, 91, 2024093018, 03, SHF5, 108,   0N,    0W,  49,    0,   ,   0,    ,    0,    0,    0,    0, 
AL, 91, 2024093018, 03, SHF5, 120,   0N,    0W,  47,    0,   ,   0,    ,    0,    0,    0,    0, 
AL, 91, 2024093018, 03, SHIP,   0, 101N,  241W,  25,    0, TD,   0,    ,    0,    0,    0,    0, 
AL, 91, 2024093018, 03, SHIP,  12, 102N,  255W,  28,    0, TD,   0,    ,    0,    0,    0,    0, 
AL, 91, 2024093018, 03, SHIP,  24, 105N,  266W,  30,    0, TD,   0,    ,    0,    0,    0,    0, 
AL, 91, 2024093018, 03, SHIP,  36, 106N,  275W,  32,    0, TD,   0,    ,    0,    0,    0,    0, 
AL, 91, 2024093018, 03, SHIP,  48, 108N,  280W,  36,    0, TS,   0,    ,    0,    0,    0,    0, 
AL, 91, 2024093018, 03, SHIP,  60, 104N,  281W,  41,    0, TS,   0,    ,    0,    0,    0,    0, 
AL, 91, 2024093018, 03, SHIP,  72, 100N,  285W,  48,    0, TS,   0,    ,    0,    0,    0,    0, 
AL, 91, 2024093018, 03, SHIP,  84, 101N,  286W,  50,    0, TS,   0,    ,    0,    0,    0,    0, 
AL, 91, 2024093018, 03, SHIP,  96, 110N,  287W,  58,    0, TS,   0,    ,    0,    0,    0,    0, 
AL, 91, 2024093018, 03, SHIP, 108, 125N,  292W,  64,    0, HU,   0,    ,    0,    0,    0,    0, 
AL, 91, 2024093018, 03, SHIP, 120, 145N,  305W,  71,    0, HU,   0,    ,    0,    0,    0,    0, 
AL, 91, 2024093018, 03, SHIP, 132, 162N,  321W,  73,    0, HU,   0,    ,    0,    0,    0,    0, 
AL, 91, 2024093018, 03, SHIP, 144, 176N,  345W,  72,    0, HU,   0,    ,    0,    0,    0,    0, 
AL, 91, 2024093018, 03, SHIP, 156, 189N,  368W,  71,    0, HU,   0,    ,    0,    0,    0,    0, 
AL, 91, 2024093018, 03, SHIP, 168, 204N,  393W,  70,    0, HU,   0,    ,    0,    0,    0,    0, 
AL, 91, 2024093018, 03, TABD,   0, 101N,  241W,   0,    0,   ,   0,    ,    0,    0,    0,    0, 
AL, 91, 2024093018, 03, TABD,   6, 100N,  247W,   0,    0,   ,   0,    ,    0,    0,    0,    0, 
AL, 91, 2024093018, 03, TABD,  12,  99N,  253W,   0,    0,   ,   0,    ,    0,    0,    0,    0, 
AL, 91, 2024093018, 03, TABD,  18,  99N,  257W,   0,    0,   ,   0,    ,    0,    0,    0,    0, 
AL, 91, 2024093018, 03, TABD,  24,  99N,  261W,   0,    0,   ,   0,    ,    0,    0,    0,    0, 
AL, 91, 2024093018, 03, TABD,  30,  99N,  265W,   0,    0,   ,   0,    ,    0,    0,    0,    0, 
AL, 91, 2024093018, 03, TABD,  36,  97N,  268W,   0,    0,   ,   0,    ,    0,    0,    0,    0, 
AL, 91, 2024093018, 03, TABD,  42,  96N,  271W,   0,    0,   ,   0,    ,    0,    0,    0,    0, 
AL, 91, 2024093018, 03, TABD,  48,  94N,  273W,   0,    0,   ,   0,    ,    0,    0,    0,    0, 
AL, 91, 2024093018, 03, TABD,  54,  91N,  274W,   0,    0,   ,   0,    ,    0,    0,    0,    0, 
AL, 91, 2024093018, 03, TABD,  60,  88N,  275W,   0,    0,   ,   0,    ,    0,    0,    0,    0, 
AL, 91, 2024093018, 03, TABD,  66,  85N,  276W,   0,    0,   ,   0,    ,    0,    0,    0,    0, 
AL, 91, 2024093018, 03, TABD,  72,  83N,  276W,   0,    0,   ,   0,    ,    0,    0,    0,    0, 
AL, 91, 2024093018, 03, TABD,  78,  83N,  276W,   0,    0,   ,   0,    ,    0,    0,    0,    0, 
AL, 91, 2024093018, 03, TABD,  84,  85N,  276W,   0,    0,   ,   0,    ,    0,    0,    0,    0, 
AL, 91, 2024093018, 03, TABD,  90,  90N,  276W,   0,    0,   ,   0,    ,    0,    0,    0,    0, 
AL, 91, 2024093018, 03, TABD,  96,  96N,  277W,   0,    0,   ,   0,    ,    0,    0,    0,    0, 
AL, 91, 2024093018, 03, TABD, 102, 104N,  277W,   0,    0,   ,   0,    ,    0,    0,    0,    0, 
AL, 91, 2024093018, 03, TABD, 108, 114N,  278W,   0,    0,   ,   0,    ,    0,    0,    0,    0, 
AL, 91, 2024093018, 03, TABD, 114, 125N,  280W,   0,    0,   ,   0,    ,    0,    0,    0,    0, 
AL, 91, 2024093018, 03, TABD, 120, 138N,  283W,   0,    0,   ,   0,    ,    0,    0,    0,    0, 
AL, 91, 2024093018, 03, TABD, 126, 151N,  286W,   0,    0,   ,   0,    ,    0,    0,    0,    0, 
AL, 91, 2024093018, 03, TABD, 132, 161N,  291W,   0,    0,   ,   0,    ,    0,    0,    0,    0, 
AL, 91, 2024093018, 03, TABD, 138, 170N,  296W,   0,    0,   ,   0,    ,    0,    0,    0,    0, 
AL, 91, 2024093018, 03, TABD, 144, 177N,  304W,   0,    0,   ,   0,    ,    0,    0,    0,    0, 
AL, 91, 2024093018, 03, TABD, 150, 183N,  314W,   0,    0,   ,   0,    ,    0,    0,    0,    0, 
AL, 91, 2024093018, 03, TABD, 156, 190N,  324W,   0,    0,   ,   0,    ,    0,    0,    0,    0, 
AL, 91, 2024093018, 03, TABD, 162, 197N,  335W,   0,    0,   ,   0,    ,    0,    0,    0,    0, 
AL, 91, 2024093018, 03, TABD, 168, 205N,  344W,   0,    0,   ,   0,    ,    0,    0,    0,    0, 
AL, 91, 2024093018, 03, TABM,   0, 101N,  241W,   0,    0,   ,   0,    ,    0,    0,    0,    0, 
AL, 91, 2024093018, 03, TABM,   6, 101N,  248W,   0,    0,   ,   0,    ,    0,    0,    0,    0, 
AL, 91, 2024093018, 03, TABM,  12, 102N,  255W,   0,    0,   ,   0,    ,    0,    0,    0,    0, 
AL, 91, 2024093018, 03, TABM,  18, 103N,  261W,   0,    0,   ,   0,    ,    0,    0,    0,    0, 
AL, 91, 2024093018, 03, TABM,  24, 105N,  266W,   0,    0,   ,   0,    ,    0,    0,    0,    0, 
AL, 91, 2024093018, 03, TABM,  30, 106N,  271W,   0,    0,   ,   0,    ,    0,    0,    0,    0, 
AL, 91, 2024093018, 03, TABM,  36, 106N,  275W,   0,    0,   ,   0,    ,    0,    0,    0,    0, 
AL, 91, 2024093018, 03, TABM,  42, 107N,  278W,   0,    0,   ,   0,    ,    0,    0,    0,    0, 
AL, 91, 2024093018, 03, TABM,  48, 108N,  280W,   0,    0,   ,   0,    ,    0,    0,    0,    0, 
AL, 91, 2024093018, 03, TABM,  54, 106N,  281W,   0,    0,   ,   0,    ,    0,    0,    0,    0, 
AL, 91, 2024093018, 03, TABM,  60, 104N,  282W,   0,    0,   ,   0,    ,    0,    0,    0,    0, 
AL, 91, 2024093018, 03, TABM,  66, 101N,  283W,   0,    0,   ,   0,    ,    0,    0,    0,    0, 
AL, 91, 2024093018, 03, TABM,  72, 100N,  285W,   0,    0,   ,   0,    ,    0,    0,    0,    0, 
AL, 91, 2024093018, 03, TABM,  78,  99N,  286W,   0,    0,   ,   0,    ,    0,    0,    0,    0, 
AL, 91, 2024093018, 03, TABM,  84, 101N,  287W,   0,    0,   ,   0,    ,    0,    0,    0,    0, 
AL, 91, 2024093018, 03, TABM,  90, 104N,  287W,   0,    0,   ,   0,    ,    0,    0,    0,    0, 
AL, 91, 2024093018, 03, TABM,  96, 110N,  288W,   0,    0,   ,   0,    ,    0,    0,    0,    0, 
AL, 91, 2024093018, 03, TABM, 102, 117N,  290W,   0,    0,   ,   0,    ,    0,    0,    0,    0, 
AL, 91, 2024093018, 03, TABM, 108, 125N,  293W,   0,    0,   ,   0,    ,    0,    0,    0,    0, 
AL, 91, 2024093018, 03, TABM, 114, 135N,  298W,   0,    0,   ,   0,    ,    0,    0,    0,    0, 
AL, 91, 2024093018, 03, TABM, 120, 145N,  305W,   0,    0,   ,   0,    ,    0,    0,    0,    0, 
AL, 91, 2024093018, 03, TABM, 126, 154N,  313W,   0,    0,   ,   0,    ,    0,    0,    0,    0, 
AL, 91, 2024093018, 03, TABM, 132, 162N,  322W,   0,    0,   ,   0,    ,    0,    0,    0,    0, 
AL, 91, 2024093018, 03, TABM, 138, 169N,  333W,   0,    0,   ,   0,    ,    0,    0,    0,    0, 
AL, 91, 2024093018, 03, TABM, 144, 176N,  345W,   0,    0,   ,   0,    ,    0,    0,    0,    0, 
AL, 91, 2024093018, 03, TABM, 150, 183N,  357W,   0,    0,   ,   0,    ,    0,    0,    0,    0, 
AL, 91, 2024093018, 03, TABM, 156, 189N,  369W,   0,    0,   ,   0,    ,    0,    0,    0,    0, 
AL, 91, 2024093018, 03, TABM, 162, 196N,  382W,   0,    0,   ,   0,    ,    0,    0,    0,    0, 
AL, 91, 2024093018, 03, TABM, 168, 204N,  394W,   0,    0,   ,   0,    ,    0,    0,    0,    0, 
AL, 91, 2024093018, 03, TABS,   0, 101N,  241W,   0,    0,   ,   0,    ,    0,    0,    0,    0, 
AL, 91, 2024093018, 03, TABS,   6, 102N,  248W,   0,    0,   ,   0,    ,    0,    0,    0,    0, 
AL, 91, 2024093018, 03, TABS,  12, 104N,  254W,   0,    0,   ,   0,    ,    0,    0,    0,    0, 
AL, 91, 2024093018, 03, TABS,  18, 106N,  259W,   0,    0,   ,   0,    ,    0,    0,    0,    0, 
AL, 91, 2024093018, 03, TABS,  24, 108N,  266W,   0,    0,   ,   0,    ,    0,    0,    0,    0, 
AL, 91, 2024093018, 03, TABS,  30, 110N,  272W,   0,    0,   ,   0,    ,    0,    0,    0,    0, 
AL, 91, 2024093018, 03, TABS,  36, 113N,  277W,   0,    0,   ,   0,    ,    0,    0,    0,    0, 
AL, 91, 2024093018, 03, TABS,  42, 116N,  281W,   0,    0,   ,   0,    ,    0,    0,    0,    0, 
AL, 91, 2024093018, 03, TABS,  48, 118N,  285W,   0,    0,   ,   0,    ,    0,    0,    0,    0, 
AL, 91, 2024093018, 03, TABS,  54, 118N,  289W,   0,    0,   ,   0,    ,    0,    0,    0,    0, 
AL, 91, 2024093018, 03, TABS,  60, 116N,  294W,   0,    0,   ,   0,    ,    0,    0,    0,    0, 
AL, 91, 2024093018, 03, TABS,  66, 114N,  300W,   0,    0,   ,   0,    ,    0,    0,    0,    0, 
AL, 91, 2024093018, 03, TABS,  72, 111N,  306W,   0,    0,   ,   0,    ,    0,    0,    0,    0, 
AL, 91, 2024093018, 03, TABS,  78, 108N,  311W,   0,    0,   ,   0,    ,    0,    0,    0,    0, 
AL, 91, 2024093018, 03, TABS,  84, 104N,  315W,   0,    0,   ,   0,    ,    0,    0,    0,    0, 
AL, 91, 2024093018, 03, TABS,  90, 101N,  318W,   0,    0,   ,   0,    ,    0,    0,    0,    0, 
AL, 91, 2024093018, 03, TABS,  96,  98N,  320W,   0,    0,   ,   0,    ,    0,    0,    0,    0, 
AL, 91, 2024093018, 03, TABS, 102,  98N,  321W,   0,    0,   ,   0,    ,    0,    0,    0,    0, 
AL, 91, 2024093018, 03, TABS, 108,  99N,  322W,   0,    0,   ,   0,    ,    0,    0,    0,    0, 
AL, 91, 2024093018, 03, TABS, 114, 103N,  321W,   0,    0,   ,   0,    ,    0,    0,    0,    0, 
AL, 91, 2024093018, 03, TABS, 120, 110N,  321W,   0,    0,   ,   0,    ,    0,    0,    0,    0, 
AL, 91, 2024093018, 03, TABS, 126, 119N,  322W,   0,    0,   ,   0,    ,    0,    0,    0,    0, 
AL, 91, 2024093018, 03, TABS, 132, 129N,  324W,   0,    0,   ,   0,    ,    0,    0,    0,    0, 
AL, 91, 2024093018, 03, TABS, 138, 140N,  329W,   0,    0,   ,   0,    ,    0,    0,    0,    0, 
AL, 91, 2024093018, 03, TABS, 144, 153N,  337W,   0,    0,   ,   0,    ,    0,    0,    0,    0, 
AL, 91, 2024093018, 03, TABS, 150, 166N,  347W,   0,    0,   ,   0,    ,    0,    0,    0,    0, 
AL, 91, 2024093018, 03, TABS, 156, 179N,  358W,   0,    0,   ,   0,    ,    0,    0,    0,    0, 
AL, 91, 2024093018, 03, TABS, 162, 192N,  370W,   0,    0,   ,   0,    ,    0,    0,    0,    0, 
AL, 91, 2024093018, 03, TABS, 168, 205N,  383W,   0,    0,   ,   0,    ,    0,    0,    0,    0, 
AL, 91, 2024093018, 03, TCLP,   0, 101N,  241W,  25,    0,   ,   0,    ,    0,    0,    0,    0, 
AL, 91, 2024093018, 03, TCLP,  12, 101N,  255W,  29,    0,   ,   0,    ,    0,    0,    0,    0, 
AL, 91, 2024093018, 03, TCLP,  24, 103N,  269W,  33,    0,   ,   0,    ,    0,    0,    0,    0, 
AL, 91, 2024093018, 03, TCLP,  36, 107N,  283W,  36,    0,   ,   0,    ,    0,    0,    0,    0, 
AL, 91, 2024093018, 03, TCLP,  48, 112N,  297W,  39,    0,   ,   0,    ,    0,    0,    0,    0, 
AL, 91, 2024093018, 03, TCLP,  60, 117N,  311W,  42,    0,   ,   0,    ,    0,    0,    0,    0, 
AL, 91, 2024093018, 03, TCLP,  72, 124N,  324W,  44,    0,   ,   0,    ,    0,    0,    0,    0, 
AL, 91, 2024093018, 03, TCLP,  84, 131N,  337W,  47,    0,   ,   0,    ,    0,    0,    0,    0, 
AL, 91, 2024093018, 03, TCLP,  96, 138N,  348W,  49,    0,   ,   0,    ,    0,    0,    0,    0, 
AL, 91, 2024093018, 03, TCLP, 108, 146N,  360W,  51,    0,   ,   0,    ,    0,    0,    0,    0, 
AL, 91, 2024093018, 03, TCLP, 120, 154N,  370W,  53,    0,   ,   0,    ,    0,    0,    0,    0, 
AL, 91, 2024093018, 03, TCLP, 132, 162N,  380W,  54,    0,   ,   0,    ,    0,    0,    0,    0, 
AL, 91, 2024093018, 03, TCLP, 144, 171N,  389W,  55,    0,   ,   0,    ,    0,    0,    0,    0, 
AL, 91, 2024093018, 03, TCLP, 156, 179N,  397W,  56,    0,   ,   0,    ,    0,    0,    0,    0, 
AL, 91, 2024093018, 03, TCLP, 168, 188N,  404W,  57,    0,   ,   0,    ,    0,    0,    0,    0, 
AL, 91, 2024093018, 03, TCLP, 180, 197N,  410W,  57,    0,   ,   0,    ,    0,    0,    0,    0, 
AL, 91, 2024093018, 03, TCLP, 192, 206N,  415W,  58,    0,   ,   0,    ,    0,    0,    0,    0, 
AL, 91, 2024093018, 03, TCLP, 204, 215N,  419W,  58,    0,   ,   0,    ,    0,    0,    0,    0, 
AL, 91, 2024093018, 03, TCLP, 216, 224N,  422W,  58,    0,   ,   0,    ,    0,    0,    0,    0, 
AL, 91, 2024093018, 03, TCLP, 228, 234N,  423W,  59,    0,   ,   0,    ,    0,    0,    0,    0, 
AL, 91, 2024093018, 03, TCLP, 240, 243N,  423W,  59,    0,   ,   0,    ,    0,    0,    0,    0, 
AL, 91, 2024093018, 03, XTRP,   0, 101N,  241W,   0,    0,   ,   0,    ,    0,    0,    0,    0, 
AL, 91, 2024093018, 03, XTRP,  12,  99N,  254W,   0,    0,   ,   0,    ,    0,    0,    0,    0, 
AL, 91, 2024093018, 03, XTRP,  24,  97N,  268W,   0,    0,   ,   0,    ,    0,    0,    0,    0, 
AL, 91, 2024093018, 03, XTRP,  36,  95N,  282W,   0,    0,   ,   0,    ,    0,    0,    0,    0, 
AL, 91, 2024093018, 03, XTRP,  48,  93N,  296W,   0,    0,   ,   0,    ,    0,    0,    0,    0, 
AL, 91, 2024093018, 03, XTRP,  60,  91N,  310W,   0,    0,   ,   0,    ,    0,    0,    0,    0, 
AL, 91, 2024093018, 03, XTRP,  72,  89N,  324W,   0,    0,   ,   0,    ,    0,    0,    0,    0, 
AL, 91, 2024093018, 03, XTRP,  84,  87N,  338W,   0,    0,   ,   0,    ,    0,    0,    0,    0, 
AL, 91, 2024093018, 03, XTRP,  96,  86N,  352W,   0,    0,   ,   0,    ,    0,    0,    0,    0, 
AL, 91, 2024093018, 03, XTRP, 108,  84N,  366W,   0,    0,   ,   0,    ,    0,    0,    0,    0, 
AL, 91, 2024093018, 03, XTRP, 120,  82N,  380W,   0,    0,   ,   0,    ,    0,    0,    0,    0, 
AL, 91, 2024093018, 03, XTRP, 132,  80N,  394W,   0,    0,   ,   0,    ,    0,    0,    0,    0, 
AL, 91, 2024093018, 03, XTRP, 144,  78N,  407W,   0,    0,   ,   0,    ,    0,    0,    0,    0, 
AL, 91, 2024093018, 03, XTRP, 156,  76N,  421W,   0,    0,   ,   0,    ,    0,    0,    0,    0, 
AL, 91, 2024093018, 03, XTRP, 168,  74N,  435W,   0,    0,   ,   0,    ,    0,    0,    0,    0, 
