EP, 99, 2025100218, 01, CARQ, -24, 120N,  995W,  15,    0, DB,  34, AAA,    0,    0,    0,    0,    0,    0,   0,   0,   0,   E,   0,   X,   0,   0,     INVEST,  , 
EP, 99, 2025100218, 01, CARQ, -18, 121N, 1003W,  15,    0, DB,  34, AAA,    0,    0,    0,    0,    0,    0,   0,   0,   0,   E,   0,   X,   0,   0,     INVEST,  , 
EP, 99, 2025100218, 01, CARQ, -12, 122N, 1008W,  20,    0, DB,  34, AAA,    0,    0,    0,    0,    0,    0,   0,   0,   0,   E,   0,   X, 281,   5,     INVEST,  , 
EP, 99, 2025100218, 01, CARQ,  -6, 123N, 1014W,  20,    0, DB,  34, AAA,    0,    0,    0,    0,    0,    0,   0,   0,   0,   E,   0,   X,   0,   0,     INVEST,  , 
EP, 99, 2025100218, 01, CARQ,   0, 124N, 1020W,  20, 1009, DB,  34, NEQ,    0,    0,    0,    0, 1011,  100,  80,   0,   0,   E,   0,   X, 280,   6,     INVEST, S, 
EP, 99, 2025100218, 01, CARQ,   0, 124N, 1020W,  20, 1009, DB,  50, NEQ,    0,    0,    0,    0, 1011,  100,  80,   0,   0,   E,   0,   X, 280,   6,     INVEST, S, 
EP, 99, 2025100218, 01, CARQ,   0, 124N, 1020W,  20, 1009, DB,  64, NEQ,    0,    0,    0,    0, 1011,  100,  80,   0,   0,   E,   0,   X, 280,   6,     INVEST, S, 
EP, 99, 2025100218, 03, CLP5,  12, 128N, 1032W,   0,    0,   ,   0,    ,    0,    0,    0,    0, 
EP, 99, 2025100218, 03, CLP5,  24, 133N, 1043W,   0,    0,   ,   0,    ,    0,    0,    0,    0, 
EP, 99, 2025100218, 03, CLP5,  36, 139N, 1055W,   0,    0,   ,   0,    ,    0,    0,    0,    0, 
EP, 99, 2025100218, 03, CLP5,  48, 146N, 1066W,   0,    0,   ,   0,    ,    0,    0,    0,    0, 
EP, 99, 2025100218, 03, CLP5,  60, 152N, 1077W,   0,    0,   ,   0,    ,    0,    0,    0,    0, 
EP, 99, 2025100218, 03, CLP5,  72, 158N, 1088W,   0,    0,   ,   0,    ,    0,    0,    0,    0, 
EP, 99, 2025100218, 03, CLP5,  84, 165N, 1098W,   0,    0,   ,   0,    ,    0,    0,    0,    0, 
EP, 99, 2025100218, 03, CLP5,  96, 170N, 1108W,   0,    0,   ,   0,    ,    0,    0,    0,    0, 
EP, 99, 2025100218, 03, CLP5, 108, 175N, 1119W,   0,    0,   ,   0,    ,    0,    0,    0,    0, 
EP, 99, 2025100218, 03, CLP5, 120, 180N, 1130W,   0,    0,   ,   0,    ,    0,    0,    0,    0, 
EP, 99, 2025100218, 03, DSHP,   0, 124N, 1020W,  20,    0, TD,   0,    ,    0,    0,    0,    0, 
EP, 99, 2025100218, 03, DSHP,  12, 129N, 1032W,  27,    0, TD,   0,    ,    0,    0,    0,    0, 
EP, 99, 2025100218, 03, DSHP,  24, 137N, 1045W,  36,    0, TS,   0,    ,    0,    0,    0,    0, 
EP, 99, 2025100218, 03, DSHP,  36, 145N, 1050W,  46,    0, TS,   0,    ,    0,    0,    0,    0, 
EP, 99, 2025100218, 03, DSHP,  48, 153N, 1052W,  60,    0, TS,   0,    ,    0,    0,    0,    0, 
EP, 99, 2025100218, 03, DSHP,  60, 163N, 1050W,  73,    0, HU,   0,    ,    0,    0,    0,    0, 
EP, 99, 2025100218, 03, DSHP,  72, 176N, 1055W,  82,    0, HU,   0,    ,    0,    0,    0,    0, 
EP, 99, 2025100218, 03, DSHP,  84, 188N, 1067W,  90,    0, HU,   0,    ,    0,    0,    0,    0, 
EP, 99, 2025100218, 03, DSHP,  96, 200N, 1088W,  91,    0, HU,   0,    ,    0,    0,    0,    0, 
EP, 99, 2025100218, 03, DSHP, 108, 209N, 1110W,  92,    0, HU,   0,    ,    0,    0,    0,    0, 
EP, 99, 2025100218, 03, DSHP, 120, 216N, 1132W,  87,    0, HU,   0,    ,    0,    0,    0,    0, 
EP, 99, 2025100218, 03, DSHP, 132, 219N, 1150W,  82,    0, HU,   0,    ,    0,    0,    0,    0, 
EP, 99, 2025100218, 03, DSHP, 144, 221N, 1167W,  75,    0, HU,   0,    ,    0,    0,    0,    0, 
EP, 99, 2025100218, 03, DSHP, 156, 223N, 1177W,  72,    0, HU,   0,    ,    0,    0,    0,    0, 
EP, 99, 2025100218, 03, DSHP, 168, 226N, 1180W,  66,    0, HU,   0,    ,    0,    0,    0,    0, 
EP, 99, 2025100218, 03, HCCA,   0, 124N, 1020W,  20,    0,   ,   0,    ,    0,    0,    0,    0, 
EP, 99, 2025100218, 03, IVCN,   0,   0N,    0W,  20,    0,   ,   0,    ,    0,    0,    0,    0, 
EP, 99, 2025100218, 03, IVCN,  12,   0N,    0W,  24,    0,   ,   0,    ,    0,    0,    0,    0, 
EP, 99, 2025100218, 03, IVCN,  24,   0N,    0W,  30,    0,   ,   0,    ,    0,    0,    0,    0, 
EP, 99, 2025100218, 03, IVCN,  36,   0N,    0W,  36,    0,   ,   0,    ,    0,    0,    0,    0, 
EP, 99, 2025100218, 03, IVCN,  48,   0N,    0W,  46,    0,   ,   0,    ,    0,    0,    0,    0, 
EP, 99, 2025100218, 03, IVCN,  60,   0N,    0W,  57,    0,   ,   0,    ,    0,    0,    0,    0, 
EP, 99, 2025100218, 03, IVCN,  72,   0N,    0W,  65,    0,   ,   0,    ,    0,    0,    0,    0, 
EP, 99, 2025100218, 03, IVCN,  84,   0N,    0W,  74,    0,   ,   0,    ,    0,    0,    0,    0, 
EP, 99, 2025100218, 03, IVCN,  96,   0N,    0W,  79,    0,   ,   0,    ,    0,    0,    0,    0, 
EP, 99, 2025100218, 03, IVCN, 108,   0N,    0W,  82,    0,   ,   0,    ,    0,    0,    0,    0, 
EP, 99, 2025100218, 03, IVCN, 120,   0N,    0W,  79,    0,   ,   0,    ,    0,    0,    0,    0, 
EP, 99, 2025100218, 03, IVCN, 132,   0N,    0W,  75,    0,   ,   0,    ,    0,    0,    0,    0, 
EP, 99, 2025100218, 03, IVCN, 144,   0N,    0W,  69,    0,   ,   0,    ,    0,    0,    0,    0, 
EP, 99, 2025100218, 03, IVCN, 156,   0N,    0W,  65,    0,   ,   0,    ,    0,    0,    0,    0, 
EP, 99, 2025100218, 03, IVCN, 168,   0N,    0W,  60,    0,   ,   0,    ,    0,    0,    0,    0, 
EP, 99, 2025100218, 03, LGEM,   0, 124N, 1020W,  20,    0, TD,   0,    ,    0,    0,    0,    0, 
EP, 99, 2025100218, 03, LGEM,  12, 129N, 1032W,  21,    0, TD,   0,    ,    0,    0,    0,    0, 
EP, 99, 2025100218, 03, LGEM,  24, 137N, 1045W,  23,    0, TD,   0,    ,    0,    0,    0,    0, 
EP, 99, 2025100218, 03, LGEM,  36, 145N, 1050W,  26,    0, TD,   0,    ,    0,    0,    0,    0, 
EP, 99, 2025100218, 03, LGEM,  48, 153N, 1052W,  32,    0, TD,   0,    ,    0,    0,    0,    0, 
EP, 99, 2025100218, 03, LGEM,  60, 163N, 1050W,  40,    0, TS,   0,    ,    0,    0,    0,    0, 
EP, 99, 2025100218, 03, LGEM,  72, 176N, 1055W,  48,    0, TS,   0,    ,    0,    0,    0,    0, 
EP, 99, 2025100218, 03, LGEM,  84, 188N, 1067W,  58,    0, TS,   0,    ,    0,    0,    0,    0, 
EP, 99, 2025100218, 03, LGEM,  96, 200N, 1088W,  66,    0, HU,   0,    ,    0,    0,    0,    0, 
EP, 99, 2025100218, 03, LGEM, 108, 209N, 1110W,  71,    0, HU,   0,    ,    0,    0,    0,    0, 
EP, 99, 2025100218, 03, LGEM, 120, 216N, 1132W,  71,    0, HU,   0,    ,    0,    0,    0,    0, 
EP, 99, 2025100218, 03, LGEM, 132, 219N, 1150W,  68,    0, HU,   0,    ,    0,    0,    0,    0, 
EP, 99, 2025100218, 03, LGEM, 144, 221N, 1167W,  63,    0, TS,   0,    ,    0,    0,    0,    0, 
EP, 99, 2025100218, 03, LGEM, 156, 223N, 1177W,  58,    0, TS,   0,    ,    0,    0,    0,    0, 
EP, 99, 2025100218, 03, LGEM, 168, 226N, 1180W,  53,    0, TS,   0,    ,    0,    0,    0,    0, 
EP, 99, 2025100218, 03, NNIB,   0, 124N, 1020W,  20,    0, TD,   0,    ,    0,    0,    0,    0, 
EP, 99, 2025100218, 03, NNIB,  12, 126N, 1027W,  24,    0, TD,   0,    ,    0,    0,    0,    0, 
EP, 99, 2025100218, 03, NNIB,  24, 129N, 1033W,  30,    0, TD,   0,    ,    0,    0,    0,    0, 
EP, 99, 2025100218, 03, NNIB,  36, 132N, 1040W,  36,    0, TS,   0,    ,    0,    0,    0,    0, 
EP, 99, 2025100218, 03, NNIB,  48, 137N, 1045W,  46,    0, TS,   0,    ,    0,    0,    0,    0, 
EP, 99, 2025100218, 03, NNIB,  60, 141N, 1049W,  57,    0, TS,   0,    ,    0,    0,    0,    0, 
EP, 99, 2025100218, 03, NNIB,  72, 145N, 1051W,  65,    0, HU,   0,    ,    0,    0,    0,    0, 
EP, 99, 2025100218, 03, NNIB,  84, 148N, 1052W,  74,    0, HU,   0,    ,    0,    0,    0,    0, 
EP, 99, 2025100218, 03, NNIB,  96, 153N, 1052W,  79,    0, HU,   0,    ,    0,    0,    0,    0, 
EP, 99, 2025100218, 03, NNIB, 108, 158N, 1051W,  82,    0, HU,   0,    ,    0,    0,    0,    0, 
EP, 99, 2025100218, 03, NNIB, 120, 163N, 1051W,  79,    0, HU,   0,    ,    0,    0,    0,    0, 
EP, 99, 2025100218, 03, NNIB, 132, 169N, 1052W,  75,    0, HU,   0,    ,    0,    0,    0,    0, 
EP, 99, 2025100218, 03, NNIB, 144, 176N, 1055W,  69,    0, HU,   0,    ,    0,    0,    0,    0, 
EP, 99, 2025100218, 03, NNIB, 156, 183N, 1060W,  65,    0, HU,   0,    ,    0,    0,    0,    0, 
EP, 99, 2025100218, 03, NNIB, 168, 188N, 1067W,  60,    0, TS,   0,    ,    0,    0,    0,    0, 
EP, 99, 2025100218, 03, NNIC,   0, 124N, 1020W,  20,    0, TD,   0,    ,    0,    0,    0,    0, 
EP, 99, 2025100218, 03, NNIC,  12, 126N, 1027W,  25,    0, TD,   0,    ,    0,    0,    0,    0, 
EP, 99, 2025100218, 03, NNIC,  24, 129N, 1033W,  30,    0, TD,   0,    ,    0,    0,    0,    0, 
EP, 99, 2025100218, 03, NNIC,  36, 132N, 1040W,  39,    0, TS,   0,    ,    0,    0,    0,    0, 
EP, 99, 2025100218, 03, NNIC,  48, 137N, 1045W,  54,    0, TS,   0,    ,    0,    0,    0,    0, 
EP, 99, 2025100218, 03, NNIC,  60, 141N, 1049W,  69,    0, HU,   0,    ,    0,    0,    0,    0, 
EP, 99, 2025100218, 03, NNIC,  72, 145N, 1051W,  72,    0, HU,   0,    ,    0,    0,    0,    0, 
EP, 99, 2025100218, 03, NNIC,  84, 148N, 1052W,  78,    0, HU,   0,    ,    0,    0,    0,    0, 
EP, 99, 2025100218, 03, NNIC,  96, 153N, 1052W,  78,    0, HU,   0,    ,    0,    0,    0,    0, 
EP, 99, 2025100218, 03, NNIC, 108, 158N, 1051W,  47,    0, TS,   0,    ,    0,    0,    0,    0, 
EP, 99, 2025100218, 03, NNIC, 120, 163N, 1051W,  83,    0, HU,   0,    ,    0,    0,    0,    0, 
EP, 99, 2025100218, 03, NNIC, 132, 169N, 1052W,  69,    0, HU,   0,    ,    0,    0,    0,    0, 
EP, 99, 2025100218, 03, NNIC, 144, 176N, 1055W,  67,    0, HU,   0,    ,    0,    0,    0,    0, 
EP, 99, 2025100218, 03, NNIC, 156, 183N, 1060W,  60,    0, TS,   0,    ,    0,    0,    0,    0, 
EP, 99, 2025100218, 03, NNIC, 168, 188N, 1067W,  67,    0, HU,   0,    ,    0,    0,    0,    0, 
EP, 99, 2025100218, 03, OCD5,   0, 124N, 1020W,  20,    0,   ,   0,    ,    0,    0,    0,    0, 
EP, 99, 2025100218, 03, OCD5,  12, 128N, 1032W,  26,    0,   ,   0,    ,    0,    0,    0,    0, 
EP, 99, 2025100218, 03, OCD5,  24, 133N, 1043W,  34,    0,   ,   0,    ,    0,    0,    0,    0, 
EP, 99, 2025100218, 03, OCD5,  36, 139N, 1055W,  44,    0,   ,   0,    ,    0,    0,    0,    0, 
EP, 99, 2025100218, 03, OCD5,  48, 146N, 1066W,  52,    0,   ,   0,    ,    0,    0,    0,    0, 
EP, 99, 2025100218, 03, OCD5,  60, 152N, 1077W,  53,    0,   ,   0,    ,    0,    0,    0,    0, 
EP, 99, 2025100218, 03, OCD5,  72, 158N, 1088W,  55,    0,   ,   0,    ,    0,    0,    0,    0, 
EP, 99, 2025100218, 03, OCD5,  84, 165N, 1098W,  56,    0,   ,   0,    ,    0,    0,    0,    0, 
EP, 99, 2025100218, 03, OCD5,  96, 170N, 1108W,  58,    0,   ,   0,    ,    0,    0,    0,    0, 
EP, 99, 2025100218, 03, OCD5, 108, 175N, 1119W,  56,    0,   ,   0,    ,    0,    0,    0,    0, 
EP, 99, 2025100218, 03, OCD5, 120, 180N, 1130W,  59,    0,   ,   0,    ,    0,    0,    0,    0, 
EP, 99, 2025100218, 03, SHF5,   0,   0N,    0W,  20,    0,   ,   0,    ,    0,    0,    0,    0, 
EP, 99, 2025100218, 03, SHF5,  12,   0N,    0W,  26,    0,   ,   0,    ,    0,    0,    0,    0, 
EP, 99, 2025100218, 03, SHF5,  24,   0N,    0W,  34,    0,   ,   0,    ,    0,    0,    0,    0, 
EP, 99, 2025100218, 03, SHF5,  36,   0N,    0W,  44,    0,   ,   0,    ,    0,    0,    0,    0, 
EP, 99, 2025100218, 03, SHF5,  48,   0N,    0W,  52,    0,   ,   0,    ,    0,    0,    0,    0, 
EP, 99, 2025100218, 03, SHF5,  60,   0N,    0W,  53,    0,   ,   0,    ,    0,    0,    0,    0, 
EP, 99, 2025100218, 03, SHF5,  72,   0N,    0W,  55,    0,   ,   0,    ,    0,    0,    0,    0, 
EP, 99, 2025100218, 03, SHF5,  84,   0N,    0W,  56,    0,   ,   0,    ,    0,    0,    0,    0, 
EP, 99, 2025100218, 03, SHF5,  96,   0N,    0W,  58,    0,   ,   0,    ,    0,    0,    0,    0, 
EP, 99, 2025100218, 03, SHF5, 108,   0N,    0W,  56,    0,   ,   0,    ,    0,    0,    0,    0, 
EP, 99, 2025100218, 03, SHF5, 120,   0N,    0W,  59,    0,   ,   0,    ,    0,    0,    0,    0, 
EP, 99, 2025100218, 03, SHIP,   0, 124N, 1020W,  20,    0, TD,   0,    ,    0,    0,    0,    0, 
EP, 99, 2025100218, 03, SHIP,  12, 129N, 1032W,  27,    0, TD,   0,    ,    0,    0,    0,    0, 
EP, 99, 2025100218, 03, SHIP,  24, 137N, 1045W,  36,    0, TS,   0,    ,    0,    0,    0,    0, 
EP, 99, 2025100218, 03, SHIP,  36, 145N, 1050W,  46,    0, TS,   0,    ,    0,    0,    0,    0, 
EP, 99, 2025100218, 03, SHIP,  48, 153N, 1052W,  60,    0, TS,   0,    ,    0,    0,    0,    0, 
EP, 99, 2025100218, 03, SHIP,  60, 163N, 1050W,  73,    0, HU,   0,    ,    0,    0,    0,    0, 
EP, 99, 2025100218, 03, SHIP,  72, 176N, 1055W,  82,    0, HU,   0,    ,    0,    0,    0,    0, 
EP, 99, 2025100218, 03, SHIP,  84, 188N, 1067W,  90,    0, HU,   0,    ,    0,    0,    0,    0, 
EP, 99, 2025100218, 03, SHIP,  96, 200N, 1088W,  91,    0, HU,   0,    ,    0,    0,    0,    0, 
EP, 99, 2025100218, 03, SHIP, 108, 209N, 1110W,  92,    0, HU,   0,    ,    0,    0,    0,    0, 
EP, 99, 2025100218, 03, SHIP, 120, 216N, 1132W,  87,    0, HU,   0,    ,    0,    0,    0,    0, 
EP, 99, 2025100218, 03, SHIP, 132, 219N, 1150W,  82,    0, HU,   0,    ,    0,    0,    0,    0, 
EP, 99, 2025100218, 03, SHIP, 144, 221N, 1167W,  75,    0, HU,   0,    ,    0,    0,    0,    0, 
EP, 99, 2025100218, 03, SHIP, 156, 223N, 1177W,  72,    0, HU,   0,    ,    0,    0,    0,    0, 
EP, 99, 2025100218, 03, SHIP, 168, 226N, 1180W,  66,    0, HU,   0,    ,    0,    0,    0,    0, 
EP, 99, 2025100218, 03, TABD,   0, 124N, 1020W,   0,    0,   ,   0,    ,    0,    0,    0,    0, 
EP, 99, 2025100218, 03, TABD,   6, 126N, 1028W,   0,    0,   ,   0,    ,    0,    0,    0,    0, 
EP, 99, 2025100218, 03, TABD,  12, 127N, 1037W,   0,    0,   ,   0,    ,    0,    0,    0,    0, 
EP, 99, 2025100218, 03, TABD,  18, 129N, 1046W,   0,    0,   ,   0,    ,    0,    0,    0,    0, 
EP, 99, 2025100218, 03, TABD,  24, 131N, 1052W,   0,    0,   ,   0,    ,    0,    0,    0,    0, 
EP, 99, 2025100218, 03, TABD,  30, 133N, 1057W,   0,    0,   ,   0,    ,    0,    0,    0,    0, 
EP, 99, 2025100218, 03, TABD,  36, 134N, 1060W,   0,    0,   ,   0,    ,    0,    0,    0,    0, 
EP, 99, 2025100218, 03, TABD,  42, 135N, 1061W,   0,    0,   ,   0,    ,    0,    0,    0,    0, 
EP, 99, 2025100218, 03, TABD,  48, 137N, 1059W,   0,    0,   ,   0,    ,    0,    0,    0,    0, 
EP, 99, 2025100218, 03, TABD,  54, 139N, 1057W,   0,    0,   ,   0,    ,    0,    0,    0,    0, 
EP, 99, 2025100218, 03, TABD,  60, 142N, 1054W,   0,    0,   ,   0,    ,    0,    0,    0,    0, 
EP, 99, 2025100218, 03, TABD,  66, 148N, 1051W,   0,    0,   ,   0,    ,    0,    0,    0,    0, 
EP, 99, 2025100218, 03, TABD,  72, 154N, 1048W,   0,    0,   ,   0,    ,    0,    0,    0,    0, 
EP, 99, 2025100218, 03, TABD,  78, 162N, 1048W,   0,    0,   ,   0,    ,    0,    0,    0,    0, 
EP, 99, 2025100218, 03, TABD,  84, 171N, 1050W,   0,    0,   ,   0,    ,    0,    0,    0,    0, 
EP, 99, 2025100218, 03, TABD,  90, 180N, 1055W,   0,    0,   ,   0,    ,    0,    0,    0,    0, 
EP, 99, 2025100218, 03, TABD,  96, 190N, 1063W,   0,    0,   ,   0,    ,    0,    0,    0,    0, 
EP, 99, 2025100218, 03, TABD, 102, 200N, 1073W,   0,    0,   ,   0,    ,    0,    0,    0,    0, 
EP, 99, 2025100218, 03, TABD, 108, 210N, 1085W,   0,    0,   ,   0,    ,    0,    0,    0,    0, 
EP, 99, 2025100218, 03, TABD, 114, 219N, 1098W,   0,    0,   ,   0,    ,    0,    0,    0,    0, 
EP, 99, 2025100218, 03, TABD, 120, 229N, 1111W,   0,    0,   ,   0,    ,    0,    0,    0,    0, 
EP, 99, 2025100218, 03, TABD, 126, 237N, 1123W,   0,    0,   ,   0,    ,    0,    0,    0,    0, 
EP, 99, 2025100218, 03, TABD, 132, 245N, 1135W,   0,    0,   ,   0,    ,    0,    0,    0,    0, 
EP, 99, 2025100218, 03, TABD, 138, 253N, 1147W,   0,    0,   ,   0,    ,    0,    0,    0,    0, 
EP, 99, 2025100218, 03, TABD, 144, 261N, 1157W,   0,    0,   ,   0,    ,    0,    0,    0,    0, 
EP, 99, 2025100218, 03, TABD, 150, 272N, 1166W,   0,    0,   ,   0,    ,    0,    0,    0,    0, 
EP, 99, 2025100218, 03, TABD, 156, 284N, 1171W,   0,    0,   ,   0,    ,    0,    0,    0,    0, 
EP, 99, 2025100218, 03, TABD, 162, 299N, 1170W,   0,    0,   ,   0,    ,    0,    0,    0,    0, 
EP, 99, 2025100218, 03, TABD, 168, 315N, 1161W,   0,    0,   ,   0,    ,    0,    0,    0,    0, 
EP, 99, 2025100218, 03, TABM,   0, 124N, 1020W,   0,    0,   ,   0,    ,    0,    0,    0,    0, 
EP, 99, 2025100218, 03, TABM,   6, 126N, 1027W,   0,    0,   ,   0,    ,    0,    0,    0,    0, 
EP, 99, 2025100218, 03, TABM,  12, 129N, 1033W,   0,    0,   ,   0,    ,    0,    0,    0,    0, 
EP, 99, 2025100218, 03, TABM,  18, 132N, 1040W,   0,    0,   ,   0,    ,    0,    0,    0,    0, 
EP, 99, 2025100218, 03, TABM,  24, 137N, 1045W,   0,    0,   ,   0,    ,    0,    0,    0,    0, 
EP, 99, 2025100218, 03, TABM,  30, 141N, 1049W,   0,    0,   ,   0,    ,    0,    0,    0,    0, 
EP, 99, 2025100218, 03, TABM,  36, 145N, 1051W,   0,    0,   ,   0,    ,    0,    0,    0,    0, 
EP, 99, 2025100218, 03, TABM,  42, 148N, 1052W,   0,    0,   ,   0,    ,    0,    0,    0,    0, 
EP, 99, 2025100218, 03, TABM,  48, 153N, 1052W,   0,    0,   ,   0,    ,    0,    0,    0,    0, 
EP, 99, 2025100218, 03, TABM,  54, 158N, 1051W,   0,    0,   ,   0,    ,    0,    0,    0,    0, 
EP, 99, 2025100218, 03, TABM,  60, 163N, 1051W,   0,    0,   ,   0,    ,    0,    0,    0,    0, 
EP, 99, 2025100218, 03, TABM,  66, 169N, 1052W,   0,    0,   ,   0,    ,    0,    0,    0,    0, 
EP, 99, 2025100218, 03, TABM,  72, 176N, 1055W,   0,    0,   ,   0,    ,    0,    0,    0,    0, 
EP, 99, 2025100218, 03, TABM,  78, 183N, 1060W,   0,    0,   ,   0,    ,    0,    0,    0,    0, 
EP, 99, 2025100218, 03, TABM,  84, 188N, 1067W,   0,    0,   ,   0,    ,    0,    0,    0,    0, 
EP, 99, 2025100218, 03, TABM,  90, 194N, 1077W,   0,    0,   ,   0,    ,    0,    0,    0,    0, 
EP, 99, 2025100218, 03, TABM,  96, 200N, 1088W,   0,    0,   ,   0,    ,    0,    0,    0,    0, 
EP, 99, 2025100218, 03, TABM, 102, 205N, 1099W,   0,    0,   ,   0,    ,    0,    0,    0,    0, 
EP, 99, 2025100218, 03, TABM, 108, 209N, 1110W,   0,    0,   ,   0,    ,    0,    0,    0,    0, 
EP, 99, 2025100218, 03, TABM, 114, 212N, 1121W,   0,    0,   ,   0,    ,    0,    0,    0,    0, 
EP, 99, 2025100218, 03, TABM, 120, 216N, 1132W,   0,    0,   ,   0,    ,    0,    0,    0,    0, 
EP, 99, 2025100218, 03, TABM, 126, 218N, 1142W,   0,    0,   ,   0,    ,    0,    0,    0,    0, 
EP, 99, 2025100218, 03, TABM, 132, 219N, 1151W,   0,    0,   ,   0,    ,    0,    0,    0,    0, 
EP, 99, 2025100218, 03, TABM, 138, 220N, 1160W,   0,    0,   ,   0,    ,    0,    0,    0,    0, 
EP, 99, 2025100218, 03, TABM, 144, 221N, 1167W,   0,    0,   ,   0,    ,    0,    0,    0,    0, 
EP, 99, 2025100218, 03, TABM, 150, 221N, 1173W,   0,    0,   ,   0,    ,    0,    0,    0,    0, 
EP, 99, 2025100218, 03, TABM, 156, 223N, 1177W,   0,    0,   ,   0,    ,    0,    0,    0,    0, 
EP, 99, 2025100218, 03, TABM, 162, 224N, 1180W,   0,    0,   ,   0,    ,    0,    0,    0,    0, 
EP, 99, 2025100218, 03, TABM, 168, 226N, 1180W,   0,    0,   ,   0,    ,    0,    0,    0,    0, 
EP, 99, 2025100218, 03, TABS,   0, 124N, 1020W,   0,    0,   ,   0,    ,    0,    0,    0,    0, 
EP, 99, 2025100218, 03, TABS,   6, 125N, 1026W,   0,    0,   ,   0,    ,    0,    0,    0,    0, 
EP, 99, 2025100218, 03, TABS,  12, 128N, 1032W,   0,    0,   ,   0,    ,    0,    0,    0,    0, 
EP, 99, 2025100218, 03, TABS,  18, 131N, 1037W,   0,    0,   ,   0,    ,    0,    0,    0,    0, 
EP, 99, 2025100218, 03, TABS,  24, 135N, 1041W,   0,    0,   ,   0,    ,    0,    0,    0,    0, 
EP, 99, 2025100218, 03, TABS,  30, 140N, 1044W,   0,    0,   ,   0,    ,    0,    0,    0,    0, 
EP, 99, 2025100218, 03, TABS,  36, 145N, 1045W,   0,    0,   ,   0,    ,    0,    0,    0,    0, 
EP, 99, 2025100218, 03, TABS,  42, 151N, 1045W,   0,    0,   ,   0,    ,    0,    0,    0,    0, 
EP, 99, 2025100218, 03, TABS,  48, 157N, 1045W,   0,    0,   ,   0,    ,    0,    0,    0,    0, 
EP, 99, 2025100218, 03, TABS,  54, 163N, 1045W,   0,    0,   ,   0,    ,    0,    0,    0,    0, 
EP, 99, 2025100218, 03, TABS,  60, 171N, 1045W,   0,    0,   ,   0,    ,    0,    0,    0,    0, 
EP, 99, 2025100218, 03, TABS,  66, 178N, 1047W,   0,    0,   ,   0,    ,    0,    0,    0,    0, 
EP, 99, 2025100218, 03, TABS,  72, 185N, 1052W,   0,    0,   ,   0,    ,    0,    0,    0,    0, 
EP, 99, 2025100218, 03, TABS,  78, 192N, 1059W,   0,    0,   ,   0,    ,    0,    0,    0,    0, 
EP, 99, 2025100218, 03, TABS,  84, 197N, 1068W,   0,    0,   ,   0,    ,    0,    0,    0,    0, 
EP, 99, 2025100218, 03, TABS,  90, 201N, 1078W,   0,    0,   ,   0,    ,    0,    0,    0,    0, 
EP, 99, 2025100218, 03, TABS,  96, 204N, 1089W,   0,    0,   ,   0,    ,    0,    0,    0,    0, 
EP, 99, 2025100218, 03, TABS, 102, 206N, 1099W,   0,    0,   ,   0,    ,    0,    0,    0,    0, 
EP, 99, 2025100218, 03, TABS, 108, 210N, 1108W,   0,    0,   ,   0,    ,    0,    0,    0,    0, 
EP, 99, 2025100218, 03, TABS, 114, 214N, 1117W,   0,    0,   ,   0,    ,    0,    0,    0,    0, 
EP, 99, 2025100218, 03, TABS, 120, 218N, 1127W,   0,    0,   ,   0,    ,    0,    0,    0,    0, 
EP, 99, 2025100218, 03, TABS, 126, 221N, 1137W,   0,    0,   ,   0,    ,    0,    0,    0,    0, 
EP, 99, 2025100218, 03, TABS, 132, 224N, 1146W,   0,    0,   ,   0,    ,    0,    0,    0,    0, 
EP, 99, 2025100218, 03, TABS, 138, 226N, 1156W,   0,    0,   ,   0,    ,    0,    0,    0,    0, 
EP, 99, 2025100218, 03, TABS, 144, 228N, 1166W,   0,    0,   ,   0,    ,    0,    0,    0,    0, 
EP, 99, 2025100218, 03, TABS, 150, 230N, 1175W,   0,    0,   ,   0,    ,    0,    0,    0,    0, 
EP, 99, 2025100218, 03, TABS, 156, 230N, 1182W,   0,    0,   ,   0,    ,    0,    0,    0,    0, 
EP, 99, 2025100218, 03, TABS, 162, 230N, 1189W,   0,    0,   ,   0,    ,    0,    0,    0,    0, 
EP, 99, 2025100218, 03, TABS, 168, 229N, 1192W,   0,    0,   ,   0,    ,    0,    0,    0,    0, 
EP, 99, 2025100218, 03, TCLP,   0, 124N, 1020W,  20,    0,   ,   0,    ,    0,    0,    0,    0, 
EP, 99, 2025100218, 03, TCLP,  12, 127N, 1032W,  21,    0,   ,   0,    ,    0,    0,    0,    0, 
EP, 99, 2025100218, 03, TCLP,  24, 130N, 1043W,  22,    0,   ,   0,    ,    0,    0,    0,    0, 
EP, 99, 2025100218, 03, TCLP,  36, 134N, 1054W,  23,    0,   ,   0,    ,    0,    0,    0,    0, 
EP, 99, 2025100218, 03, TCLP,  48, 139N, 1064W,  25,    0,   ,   0,    ,    0,    0,    0,    0, 
EP, 99, 2025100218, 03, TCLP,  60, 143N, 1073W,  27,    0,   ,   0,    ,    0,    0,    0,    0, 
EP, 99, 2025100218, 03, TCLP,  72, 149N, 1083W,  29,    0,   ,   0,    ,    0,    0,    0,    0, 
EP, 99, 2025100218, 03, TCLP,  84, 154N, 1092W,  31,    0,   ,   0,    ,    0,    0,    0,    0, 
EP, 99, 2025100218, 03, TCLP,  96, 159N, 1101W,  32,    0,   ,   0,    ,    0,    0,    0,    0, 
EP, 99, 2025100218, 03, TCLP, 108, 165N, 1110W,  34,    0,   ,   0,    ,    0,    0,    0,    0, 
EP, 99, 2025100218, 03, TCLP, 120, 170N, 1118W,  35,    0,   ,   0,    ,    0,    0,    0,    0, 
EP, 99, 2025100218, 03, TCLP, 132, 176N, 1126W,  37,    0,   ,   0,    ,    0,    0,    0,    0, 
EP, 99, 2025100218, 03, TCLP, 144, 181N, 1134W,  38,    0,   ,   0,    ,    0,    0,    0,    0, 
EP, 99, 2025100218, 03, TCLP, 156, 187N, 1142W,  38,    0,   ,   0,    ,    0,    0,    0,    0, 
EP, 99, 2025100218, 03, TCLP, 168, 193N, 1150W,  39,    0,   ,   0,    ,    0,    0,    0,    0, 
EP, 99, 2025100218, 03, TCLP, 180, 198N, 1157W,  39,    0,   ,   0,    ,    0,    0,    0,    0, 
EP, 99, 2025100218, 03, TCLP, 192, 204N, 1165W,  40,    0,   ,   0,    ,    0,    0,    0,    0, 
EP, 99, 2025100218, 03, TCLP, 204, 210N, 1172W,  39,    0,   ,   0,    ,    0,    0,    0,    0, 
EP, 99, 2025100218, 03, TCLP, 216, 215N, 1179W,  39,    0,   ,   0,    ,    0,    0,    0,    0, 
EP, 99, 2025100218, 03, TCLP, 228, 221N, 1186W,  38,    0,   ,   0,    ,    0,    0,    0,    0, 
EP, 99, 2025100218, 03, TCLP, 240, 227N, 1193W,  37,    0,   ,   0,    ,    0,    0,    0,    0, 
EP, 99, 2025100218, 03, XTRP,   0, 124N, 1020W,   0,    0,   ,   0,    ,    0,    0,    0,    0, 
EP, 99, 2025100218, 03, XTRP,  12, 126N, 1031W,   0,    0,   ,   0,    ,    0,    0,    0,    0, 
EP, 99, 2025100218, 03, XTRP,  24, 128N, 1043W,   0,    0,   ,   0,    ,    0,    0,    0,    0, 
EP, 99, 2025100218, 03, XTRP,  36, 130N, 1055W,   0,    0,   ,   0,    ,    0,    0,    0,    0, 
EP, 99, 2025100218, 03, XTRP,  48, 132N, 1067W,   0,    0,   ,   0,    ,    0,    0,    0,    0, 
EP, 99, 2025100218, 03, XTRP,  60, 134N, 1079W,   0,    0,   ,   0,    ,    0,    0,    0,    0, 
EP, 99, 2025100218, 03, XTRP,  72, 136N, 1091W,   0,    0,   ,   0,    ,    0,    0,    0,    0, 
EP, 99, 2025100218, 03, XTRP,  84, 138N, 1103W,   0,    0,   ,   0,    ,    0,    0,    0,    0, 
EP, 99, 2025100218, 03, XTRP,  96, 141N, 1115W,   0,    0,   ,   0,    ,    0,    0,    0,    0, 
EP, 99, 2025100218, 03, XTRP, 108, 143N, 1127W,   0,    0,   ,   0,    ,    0,    0,    0,    0, 
EP, 99, 2025100218, 03, XTRP, 120, 145N, 1139W,   0,    0,   ,   0,    ,    0,    0,    0,    0, 
EP, 99, 2025100218, 03, XTRP, 132, 147N, 1152W,   0,    0,   ,   0,    ,    0,    0,    0,    0, 
EP, 99, 2025100218, 03, XTRP, 144, 149N, 1164W,   0,    0,   ,   0,    ,    0,    0,    0,    0, 
EP, 99, 2025100218, 03, XTRP, 156, 151N, 1176W,   0,    0,   ,   0,    ,    0,    0,    0,    0, 
EP, 99, 2025100218, 03, XTRP, 168, 153N, 1188W,   0,    0,   ,   0,    ,    0,    0,    0,    0, 
