EP, 94, 2024072918, 01, CARQ, -24, 113N,  951W,  15,    0, LO,  34, AAA,    0,    0,    0,    0,    0,    0,   0,   0,   0,   E,   0,   X,   0,   0,     INVEST,  , 
EP, 94, 2024072918, 01, CARQ, -18, 114N,  959W,  25,    0, LO,  34, AAA,    0,    0,    0,    0,    0,    0,   0,   0,   0,   E,   0,   X,   0,   0,     INVEST,  , 
EP, 94, 2024072918, 01, CARQ, -12, 115N,  967W,  25,    0, LO,  34, AAA,    0,    0,    0,    0,    0,    0,   0,   0,   0,   E,   0,   X, 278,   7,     INVEST,  , 
EP, 94, 2024072918, 01, CARQ,  -6, 116N,  974W,  25,    0, LO,  34, AAA,    0,    0,    0,    0,    0,    0,   0,   0,   0,   E,   0,   X,   0,   0,     INVEST,  , 
EP, 94, 2024072918, 01, CARQ,   0, 117N,  979W,  25, 1009, LO,  34, NEQ,    0,    0,    0,    0, 1011,  180,  90,   0,   0,   E,   0,   X, 280,   7,     INVEST, S, 
EP, 94, 2024072918, 01, CARQ,   0, 117N,  979W,  25, 1009, LO,  50, NEQ,    0,    0,    0,    0, 1011,  180,  90,   0,   0,   E,   0,   X, 280,   7,     INVEST, S, 
EP, 94, 2024072918, 01, CARQ,   0, 117N,  979W,  25, 1009, LO,  64, NEQ,    0,    0,    0,    0, 1011,  180,  90,   0,   0,   E,   0,   X, 280,   7,     INVEST, S, 
EP, 94, 2024072918, 03, CLP5,  12, 121N,  993W,   0,    0,   ,   0,    ,    0,    0,    0,    0, 
EP, 94, 2024072918, 03, CLP5,  24, 127N, 1007W,   0,    0,   ,   0,    ,    0,    0,    0,    0, 
EP, 94, 2024072918, 03, CLP5,  36, 133N, 1020W,   0,    0,   ,   0,    ,    0,    0,    0,    0, 
EP, 94, 2024072918, 03, CLP5,  48, 141N, 1035W,   0,    0,   ,   0,    ,    0,    0,    0,    0, 
EP, 94, 2024072918, 03, CLP5,  60, 147N, 1049W,   0,    0,   ,   0,    ,    0,    0,    0,    0, 
EP, 94, 2024072918, 03, CLP5,  72, 152N, 1062W,   0,    0,   ,   0,    ,    0,    0,    0,    0, 
EP, 94, 2024072918, 03, CLP5,  84, 160N, 1077W,   0,    0,   ,   0,    ,    0,    0,    0,    0, 
EP, 94, 2024072918, 03, CLP5,  96, 165N, 1092W,   0,    0,   ,   0,    ,    0,    0,    0,    0, 
EP, 94, 2024072918, 03, CLP5, 108, 170N, 1107W,   0,    0,   ,   0,    ,    0,    0,    0,    0, 
EP, 94, 2024072918, 03, CLP5, 120, 175N, 1120W,   0,    0,   ,   0,    ,    0,    0,    0,    0, 
EP, 94, 2024072918, 03, DSHP,   0, 117N,  978W,  25,    0, TD,   0,    ,    0,    0,    0,    0, 
EP, 94, 2024072918, 03, DSHP,  12, 121N,  996W,  26,    0, TD,   0,    ,    0,    0,    0,    0, 
EP, 94, 2024072918, 03, DSHP,  24, 128N, 1013W,  30,    0, TD,   0,    ,    0,    0,    0,    0, 
EP, 94, 2024072918, 03, DSHP,  36, 135N, 1029W,  35,    0, TS,   0,    ,    0,    0,    0,    0, 
EP, 94, 2024072918, 03, DSHP,  48, 145N, 1042W,  45,    0, TS,   0,    ,    0,    0,    0,    0, 
EP, 94, 2024072918, 03, DSHP,  60, 157N, 1055W,  55,    0, TS,   0,    ,    0,    0,    0,    0, 
EP, 94, 2024072918, 03, DSHP,  72, 172N, 1070W,  70,    0, HU,   0,    ,    0,    0,    0,    0, 
EP, 94, 2024072918, 03, DSHP,  84, 183N, 1090W,  79,    0, HU,   0,    ,    0,    0,    0,    0, 
EP, 94, 2024072918, 03, DSHP,  96, 188N, 1115W,  88,    0, HU,   0,    ,    0,    0,    0,    0, 
EP, 94, 2024072918, 03, DSHP, 108, 187N, 1145W,  93,    0, HU,   0,    ,    0,    0,    0,    0, 
EP, 94, 2024072918, 03, DSHP, 120, 181N, 1169W, 100,    0, HU,   0,    ,    0,    0,    0,    0, 
EP, 94, 2024072918, 03, DSHP, 132, 176N, 1175W,  97,    0, HU,   0,    ,    0,    0,    0,    0, 
EP, 94, 2024072918, 03, DSHP, 144, 183N, 1170W,  96,    0, HU,   0,    ,    0,    0,    0,    0, 
EP, 94, 2024072918, 03, DSHP, 156, 203N, 1172W,  96,    0, HU,   0,    ,    0,    0,    0,    0, 
EP, 94, 2024072918, 03, DSHP, 168, 225N, 1190W,  95,    0, HU,   0,    ,    0,    0,    0,    0, 
EP, 94, 2024072918, 03, IVCN,   0,   0N,    0W,  25,    0,   ,   0,    ,    0,    0,    0,    0, 
EP, 94, 2024072918, 03, IVCN,  12,   0N,    0W,  26,    0,   ,   0,    ,    0,    0,    0,    0, 
EP, 94, 2024072918, 03, IVCN,  24,   0N,    0W,  29,    0,   ,   0,    ,    0,    0,    0,    0, 
EP, 94, 2024072918, 03, IVCN,  36,   0N,    0W,  32,    0,   ,   0,    ,    0,    0,    0,    0, 
EP, 94, 2024072918, 03, IVCN,  48,   0N,    0W,  39,    0,   ,   0,    ,    0,    0,    0,    0, 
EP, 94, 2024072918, 03, IVCN,  60,   0N,    0W,  46,    0,   ,   0,    ,    0,    0,    0,    0, 
EP, 94, 2024072918, 03, IVCN,  72,   0N,    0W,  57,    0,   ,   0,    ,    0,    0,    0,    0, 
EP, 94, 2024072918, 03, IVCN,  84,   0N,    0W,  65,    0,   ,   0,    ,    0,    0,    0,    0, 
EP, 94, 2024072918, 03, IVCN,  96,   0N,    0W,  74,    0,   ,   0,    ,    0,    0,    0,    0, 
EP, 94, 2024072918, 03, IVCN, 108,   0N,    0W,  81,    0,   ,   0,    ,    0,    0,    0,    0, 
EP, 94, 2024072918, 03, IVCN, 120,   0N,    0W,  89,    0,   ,   0,    ,    0,    0,    0,    0, 
EP, 94, 2024072918, 03, IVCN, 132,   0N,    0W,  90,    0,   ,   0,    ,    0,    0,    0,    0, 
EP, 94, 2024072918, 03, IVCN, 144,   0N,    0W,  91,    0,   ,   0,    ,    0,    0,    0,    0, 
EP, 94, 2024072918, 03, IVCN, 156,   0N,    0W,  90,    0,   ,   0,    ,    0,    0,    0,    0, 
EP, 94, 2024072918, 03, IVCN, 168,   0N,    0W,  86,    0,   ,   0,    ,    0,    0,    0,    0, 
EP, 94, 2024072918, 03, LGEM,   0, 117N,  978W,  25,    0, TD,   0,    ,    0,    0,    0,    0, 
EP, 94, 2024072918, 03, LGEM,  12, 121N,  996W,  26,    0, TD,   0,    ,    0,    0,    0,    0, 
EP, 94, 2024072918, 03, LGEM,  24, 128N, 1013W,  27,    0, TD,   0,    ,    0,    0,    0,    0, 
EP, 94, 2024072918, 03, LGEM,  36, 135N, 1029W,  29,    0, TD,   0,    ,    0,    0,    0,    0, 
EP, 94, 2024072918, 03, LGEM,  48, 145N, 1042W,  32,    0, TD,   0,    ,    0,    0,    0,    0, 
EP, 94, 2024072918, 03, LGEM,  60, 157N, 1055W,  36,    0, TS,   0,    ,    0,    0,    0,    0, 
EP, 94, 2024072918, 03, LGEM,  72, 172N, 1070W,  43,    0, TS,   0,    ,    0,    0,    0,    0, 
EP, 94, 2024072918, 03, LGEM,  84, 183N, 1090W,  51,    0, TS,   0,    ,    0,    0,    0,    0, 
EP, 94, 2024072918, 03, LGEM,  96, 188N, 1115W,  59,    0, TS,   0,    ,    0,    0,    0,    0, 
EP, 94, 2024072918, 03, LGEM, 108, 187N, 1145W,  68,    0, HU,   0,    ,    0,    0,    0,    0, 
EP, 94, 2024072918, 03, LGEM, 120, 181N, 1169W,  77,    0, HU,   0,    ,    0,    0,    0,    0, 
EP, 94, 2024072918, 03, LGEM, 132, 176N, 1175W,  83,    0, HU,   0,    ,    0,    0,    0,    0, 
EP, 94, 2024072918, 03, LGEM, 144, 183N, 1170W,  86,    0, HU,   0,    ,    0,    0,    0,    0, 
EP, 94, 2024072918, 03, LGEM, 156, 203N, 1172W,  84,    0, HU,   0,    ,    0,    0,    0,    0, 
EP, 94, 2024072918, 03, LGEM, 168, 225N, 1190W,  77,    0, HU,   0,    ,    0,    0,    0,    0, 
EP, 94, 2024072918, 03, NNIB,   0, 117N,  979W,  25,    0, TD,   0,    ,    0,    0,    0,    0, 
EP, 94, 2024072918, 03, NNIB,  12, 119N,  988W,  26,    0, TD,   0,    ,    0,    0,    0,    0, 
EP, 94, 2024072918, 03, NNIB,  24, 121N,  997W,  29,    0, TD,   0,    ,    0,    0,    0,    0, 
EP, 94, 2024072918, 03, NNIB,  36, 124N, 1006W,  32,    0, TD,   0,    ,    0,    0,    0,    0, 
EP, 94, 2024072918, 03, NNIB,  48, 128N, 1014W,  39,    0, TS,   0,    ,    0,    0,    0,    0, 
EP, 94, 2024072918, 03, NNIB,  60, 131N, 1022W,  46,    0, TS,   0,    ,    0,    0,    0,    0, 
EP, 94, 2024072918, 03, NNIB,  72, 135N, 1029W,  57,    0, TS,   0,    ,    0,    0,    0,    0, 
EP, 94, 2024072918, 03, NNIB,  84, 140N, 1036W,  65,    0, HU,   0,    ,    0,    0,    0,    0, 
EP, 94, 2024072918, 03, NNIB,  96, 145N, 1042W,  74,    0, HU,   0,    ,    0,    0,    0,    0, 
EP, 94, 2024072918, 03, NNIB, 108, 151N, 1048W,  81,    0, HU,   0,    ,    0,    0,    0,    0, 
EP, 94, 2024072918, 03, NNIB, 120, 157N, 1055W,  89,    0, HU,   0,    ,    0,    0,    0,    0, 
EP, 94, 2024072918, 03, NNIB, 132, 164N, 1062W,  90,    0, HU,   0,    ,    0,    0,    0,    0, 
EP, 94, 2024072918, 03, NNIB, 144, 172N, 1070W,  91,    0, HU,   0,    ,    0,    0,    0,    0, 
EP, 94, 2024072918, 03, NNIB, 156, 179N, 1079W,  90,    0, HU,   0,    ,    0,    0,    0,    0, 
EP, 94, 2024072918, 03, NNIB, 168, 183N, 1090W,  86,    0, HU,   0,    ,    0,    0,    0,    0, 
EP, 94, 2024072918, 03, NNIC,   0, 117N,  979W,  25,    0, TD,   0,    ,    0,    0,    0,    0, 
EP, 94, 2024072918, 03, NNIC,  12, 119N,  988W,  28,    0, TD,   0,    ,    0,    0,    0,    0, 
EP, 94, 2024072918, 03, NNIC,  24, 121N,  997W,  31,    0, TD,   0,    ,    0,    0,    0,    0, 
EP, 94, 2024072918, 03, NNIC,  36, 124N, 1006W,  34,    0, TS,   0,    ,    0,    0,    0,    0, 
EP, 94, 2024072918, 03, NNIC,  48, 128N, 1014W,  43,    0, TS,   0,    ,    0,    0,    0,    0, 
EP, 94, 2024072918, 03, NNIC,  60, 131N, 1022W,  53,    0, TS,   0,    ,    0,    0,    0,    0, 
EP, 94, 2024072918, 03, NNIC,  72, 135N, 1029W,  62,    0, TS,   0,    ,    0,    0,    0,    0, 
EP, 94, 2024072918, 03, NNIC,  84, 140N, 1036W,  67,    0, HU,   0,    ,    0,    0,    0,    0, 
EP, 94, 2024072918, 03, NNIC,  96, 145N, 1042W,  75,    0, HU,   0,    ,    0,    0,    0,    0, 
EP, 94, 2024072918, 03, NNIC, 108, 151N, 1048W,  79,    0, HU,   0,    ,    0,    0,    0,    0, 
EP, 94, 2024072918, 03, NNIC, 120, 157N, 1055W,  83,    0, HU,   0,    ,    0,    0,    0,    0, 
EP, 94, 2024072918, 03, NNIC, 132, 164N, 1062W,  80,    0, HU,   0,    ,    0,    0,    0,    0, 
EP, 94, 2024072918, 03, NNIC, 144, 172N, 1070W,  87,    0, HU,   0,    ,    0,    0,    0,    0, 
EP, 94, 2024072918, 03, NNIC, 156, 179N, 1079W,  93,    0, HU,   0,    ,    0,    0,    0,    0, 
EP, 94, 2024072918, 03, NNIC, 168, 183N, 1090W,  43,    0, TS,   0,    ,    0,    0,    0,    0, 
EP, 94, 2024072918, 03, OCD5,   0, 117N,  979W,  25,    0,   ,   0,    ,    0,    0,    0,    0, 
EP, 94, 2024072918, 03, OCD5,  12, 121N,  993W,  32,    0,   ,   0,    ,    0,    0,    0,    0, 
EP, 94, 2024072918, 03, OCD5,  24, 127N, 1007W,  43,    0,   ,   0,    ,    0,    0,    0,    0, 
EP, 94, 2024072918, 03, OCD5,  36, 133N, 1020W,  54,    0,   ,   0,    ,    0,    0,    0,    0, 
EP, 94, 2024072918, 03, OCD5,  48, 141N, 1035W,  65,    0,   ,   0,    ,    0,    0,    0,    0, 
EP, 94, 2024072918, 03, OCD5,  60, 147N, 1049W,  61,    0,   ,   0,    ,    0,    0,    0,    0, 
EP, 94, 2024072918, 03, OCD5,  72, 152N, 1062W,  64,    0,   ,   0,    ,    0,    0,    0,    0, 
EP, 94, 2024072918, 03, OCD5,  84, 160N, 1077W,  64,    0,   ,   0,    ,    0,    0,    0,    0, 
EP, 94, 2024072918, 03, OCD5,  96, 165N, 1092W,  67,    0,   ,   0,    ,    0,    0,    0,    0, 
EP, 94, 2024072918, 03, OCD5, 108, 170N, 1107W,  64,    0,   ,   0,    ,    0,    0,    0,    0, 
EP, 94, 2024072918, 03, OCD5, 120, 175N, 1120W,  64,    0,   ,   0,    ,    0,    0,    0,    0, 
EP, 94, 2024072918, 03, SHF5,   0,   0N,    0W,  25,    0,   ,   0,    ,    0,    0,    0,    0, 
EP, 94, 2024072918, 03, SHF5,  12,   0N,    0W,  32,    0,   ,   0,    ,    0,    0,    0,    0, 
EP, 94, 2024072918, 03, SHF5,  24,   0N,    0W,  43,    0,   ,   0,    ,    0,    0,    0,    0, 
EP, 94, 2024072918, 03, SHF5,  36,   0N,    0W,  54,    0,   ,   0,    ,    0,    0,    0,    0, 
EP, 94, 2024072918, 03, SHF5,  48,   0N,    0W,  65,    0,   ,   0,    ,    0,    0,    0,    0, 
EP, 94, 2024072918, 03, SHF5,  60,   0N,    0W,  61,    0,   ,   0,    ,    0,    0,    0,    0, 
EP, 94, 2024072918, 03, SHF5,  72,   0N,    0W,  64,    0,   ,   0,    ,    0,    0,    0,    0, 
EP, 94, 2024072918, 03, SHF5,  84,   0N,    0W,  64,    0,   ,   0,    ,    0,    0,    0,    0, 
EP, 94, 2024072918, 03, SHF5,  96,   0N,    0W,  67,    0,   ,   0,    ,    0,    0,    0,    0, 
EP, 94, 2024072918, 03, SHF5, 108,   0N,    0W,  64,    0,   ,   0,    ,    0,    0,    0,    0, 
EP, 94, 2024072918, 03, SHF5, 120,   0N,    0W,  64,    0,   ,   0,    ,    0,    0,    0,    0, 
EP, 94, 2024072918, 03, SHIP,   0, 117N,  978W,  25,    0, TD,   0,    ,    0,    0,    0,    0, 
EP, 94, 2024072918, 03, SHIP,  12, 121N,  996W,  26,    0, TD,   0,    ,    0,    0,    0,    0, 
EP, 94, 2024072918, 03, SHIP,  24, 128N, 1013W,  30,    0, TD,   0,    ,    0,    0,    0,    0, 
EP, 94, 2024072918, 03, SHIP,  36, 135N, 1029W,  35,    0, TS,   0,    ,    0,    0,    0,    0, 
EP, 94, 2024072918, 03, SHIP,  48, 145N, 1042W,  45,    0, TS,   0,    ,    0,    0,    0,    0, 
EP, 94, 2024072918, 03, SHIP,  60, 157N, 1055W,  55,    0, TS,   0,    ,    0,    0,    0,    0, 
EP, 94, 2024072918, 03, SHIP,  72, 172N, 1070W,  70,    0, HU,   0,    ,    0,    0,    0,    0, 
EP, 94, 2024072918, 03, SHIP,  84, 183N, 1090W,  79,    0, HU,   0,    ,    0,    0,    0,    0, 
EP, 94, 2024072918, 03, SHIP,  96, 188N, 1115W,  88,    0, HU,   0,    ,    0,    0,    0,    0, 
EP, 94, 2024072918, 03, SHIP, 108, 187N, 1145W,  93,    0, HU,   0,    ,    0,    0,    0,    0, 
EP, 94, 2024072918, 03, SHIP, 120, 181N, 1169W, 100,    0, HU,   0,    ,    0,    0,    0,    0, 
EP, 94, 2024072918, 03, SHIP, 132, 176N, 1175W,  97,    0, HU,   0,    ,    0,    0,    0,    0, 
EP, 94, 2024072918, 03, SHIP, 144, 183N, 1170W,  96,    0, HU,   0,    ,    0,    0,    0,    0, 
EP, 94, 2024072918, 03, SHIP, 156, 203N, 1172W,  96,    0, HU,   0,    ,    0,    0,    0,    0, 
EP, 94, 2024072918, 03, SHIP, 168, 225N, 1190W,  95,    0, HU,   0,    ,    0,    0,    0,    0, 
EP, 94, 2024072918, 03, TABD,   0, 117N,  979W,   0,    0,   ,   0,    ,    0,    0,    0,    0, 
EP, 94, 2024072918, 03, TABD,   6, 118N,  988W,   0,    0,   ,   0,    ,    0,    0,    0,    0, 
EP, 94, 2024072918, 03, TABD,  12, 119N,  998W,   0,    0,   ,   0,    ,    0,    0,    0,    0, 
EP, 94, 2024072918, 03, TABD,  18, 120N, 1009W,   0,    0,   ,   0,    ,    0,    0,    0,    0, 
EP, 94, 2024072918, 03, TABD,  24, 121N, 1018W,   0,    0,   ,   0,    ,    0,    0,    0,    0, 
EP, 94, 2024072918, 03, TABD,  30, 122N, 1026W,   0,    0,   ,   0,    ,    0,    0,    0,    0, 
EP, 94, 2024072918, 03, TABD,  36, 123N, 1034W,   0,    0,   ,   0,    ,    0,    0,    0,    0, 
EP, 94, 2024072918, 03, TABD,  42, 125N, 1040W,   0,    0,   ,   0,    ,    0,    0,    0,    0, 
EP, 94, 2024072918, 03, TABD,  48, 127N, 1045W,   0,    0,   ,   0,    ,    0,    0,    0,    0, 
EP, 94, 2024072918, 03, TABD,  54, 131N, 1050W,   0,    0,   ,   0,    ,    0,    0,    0,    0, 
EP, 94, 2024072918, 03, TABD,  60, 135N, 1054W,   0,    0,   ,   0,    ,    0,    0,    0,    0, 
EP, 94, 2024072918, 03, TABD,  66, 141N, 1057W,   0,    0,   ,   0,    ,    0,    0,    0,    0, 
EP, 94, 2024072918, 03, TABD,  72, 147N, 1059W,   0,    0,   ,   0,    ,    0,    0,    0,    0, 
EP, 94, 2024072918, 03, TABD,  78, 154N, 1061W,   0,    0,   ,   0,    ,    0,    0,    0,    0, 
EP, 94, 2024072918, 03, TABD,  84, 161N, 1063W,   0,    0,   ,   0,    ,    0,    0,    0,    0, 
EP, 94, 2024072918, 03, TABD,  90, 168N, 1066W,   0,    0,   ,   0,    ,    0,    0,    0,    0, 
EP, 94, 2024072918, 03, TABD,  96, 177N, 1072W,   0,    0,   ,   0,    ,    0,    0,    0,    0, 
EP, 94, 2024072918, 03, TABD, 102, 187N, 1080W,   0,    0,   ,   0,    ,    0,    0,    0,    0, 
EP, 94, 2024072918, 03, TABD, 108, 198N, 1090W,   0,    0,   ,   0,    ,    0,    0,    0,    0, 
EP, 94, 2024072918, 03, TABD, 114, 209N, 1105W,   0,    0,   ,   0,    ,    0,    0,    0,    0, 
EP, 94, 2024072918, 03, TABD, 120, 219N, 1122W,   0,    0,   ,   0,    ,    0,    0,    0,    0, 
EP, 94, 2024072918, 03, TABD, 126, 228N, 1143W,   0,    0,   ,   0,    ,    0,    0,    0,    0, 
EP, 94, 2024072918, 03, TABD, 132, 233N, 1165W,   0,    0,   ,   0,    ,    0,    0,    0,    0, 
EP, 94, 2024072918, 03, TABD, 138, 236N, 1189W,   0,    0,   ,   0,    ,    0,    0,    0,    0, 
EP, 94, 2024072918, 03, TABD, 144, 236N, 1211W,   0,    0,   ,   0,    ,    0,    0,    0,    0, 
EP, 94, 2024072918, 03, TABD, 150, 233N, 1232W,   0,    0,   ,   0,    ,    0,    0,    0,    0, 
EP, 94, 2024072918, 03, TABD, 156, 227N, 1248W,   0,    0,   ,   0,    ,    0,    0,    0,    0, 
EP, 94, 2024072918, 03, TABD, 162, 218N, 1261W,   0,    0,   ,   0,    ,    0,    0,    0,    0, 
EP, 94, 2024072918, 03, TABD, 168, 208N, 1271W,   0,    0,   ,   0,    ,    0,    0,    0,    0, 
EP, 94, 2024072918, 03, TABM,   0, 117N,  979W,   0,    0,   ,   0,    ,    0,    0,    0,    0, 
EP, 94, 2024072918, 03, TABM,   6, 119N,  988W,   0,    0,   ,   0,    ,    0,    0,    0,    0, 
EP, 94, 2024072918, 03, TABM,  12, 121N,  997W,   0,    0,   ,   0,    ,    0,    0,    0,    0, 
EP, 94, 2024072918, 03, TABM,  18, 124N, 1006W,   0,    0,   ,   0,    ,    0,    0,    0,    0, 
EP, 94, 2024072918, 03, TABM,  24, 128N, 1014W,   0,    0,   ,   0,    ,    0,    0,    0,    0, 
EP, 94, 2024072918, 03, TABM,  30, 131N, 1022W,   0,    0,   ,   0,    ,    0,    0,    0,    0, 
EP, 94, 2024072918, 03, TABM,  36, 135N, 1029W,   0,    0,   ,   0,    ,    0,    0,    0,    0, 
EP, 94, 2024072918, 03, TABM,  42, 140N, 1036W,   0,    0,   ,   0,    ,    0,    0,    0,    0, 
EP, 94, 2024072918, 03, TABM,  48, 145N, 1042W,   0,    0,   ,   0,    ,    0,    0,    0,    0, 
EP, 94, 2024072918, 03, TABM,  54, 151N, 1048W,   0,    0,   ,   0,    ,    0,    0,    0,    0, 
EP, 94, 2024072918, 03, TABM,  60, 157N, 1055W,   0,    0,   ,   0,    ,    0,    0,    0,    0, 
EP, 94, 2024072918, 03, TABM,  66, 164N, 1062W,   0,    0,   ,   0,    ,    0,    0,    0,    0, 
EP, 94, 2024072918, 03, TABM,  72, 172N, 1070W,   0,    0,   ,   0,    ,    0,    0,    0,    0, 
EP, 94, 2024072918, 03, TABM,  78, 179N, 1079W,   0,    0,   ,   0,    ,    0,    0,    0,    0, 
EP, 94, 2024072918, 03, TABM,  84, 183N, 1090W,   0,    0,   ,   0,    ,    0,    0,    0,    0, 
EP, 94, 2024072918, 03, TABM,  90, 186N, 1102W,   0,    0,   ,   0,    ,    0,    0,    0,    0, 
EP, 94, 2024072918, 03, TABM,  96, 188N, 1116W,   0,    0,   ,   0,    ,    0,    0,    0,    0, 
EP, 94, 2024072918, 03, TABM, 102, 188N, 1131W,   0,    0,   ,   0,    ,    0,    0,    0,    0, 
EP, 94, 2024072918, 03, TABM, 108, 187N, 1146W,   0,    0,   ,   0,    ,    0,    0,    0,    0, 
EP, 94, 2024072918, 03, TABM, 114, 185N, 1159W,   0,    0,   ,   0,    ,    0,    0,    0,    0, 
EP, 94, 2024072918, 03, TABM, 120, 181N, 1169W,   0,    0,   ,   0,    ,    0,    0,    0,    0, 
EP, 94, 2024072918, 03, TABM, 126, 178N, 1175W,   0,    0,   ,   0,    ,    0,    0,    0,    0, 
EP, 94, 2024072918, 03, TABM, 132, 176N, 1176W,   0,    0,   ,   0,    ,    0,    0,    0,    0, 
EP, 94, 2024072918, 03, TABM, 138, 177N, 1174W,   0,    0,   ,   0,    ,    0,    0,    0,    0, 
EP, 94, 2024072918, 03, TABM, 144, 183N, 1171W,   0,    0,   ,   0,    ,    0,    0,    0,    0, 
EP, 94, 2024072918, 03, TABM, 150, 192N, 1170W,   0,    0,   ,   0,    ,    0,    0,    0,    0, 
EP, 94, 2024072918, 03, TABM, 156, 203N, 1172W,   0,    0,   ,   0,    ,    0,    0,    0,    0, 
EP, 94, 2024072918, 03, TABM, 162, 214N, 1180W,   0,    0,   ,   0,    ,    0,    0,    0,    0, 
EP, 94, 2024072918, 03, TABM, 168, 225N, 1191W,   0,    0,   ,   0,    ,    0,    0,    0,    0, 
EP, 94, 2024072918, 03, TABS,   0, 117N,  979W,   0,    0,   ,   0,    ,    0,    0,    0,    0, 
EP, 94, 2024072918, 03, TABS,   6, 118N,  987W,   0,    0,   ,   0,    ,    0,    0,    0,    0, 
EP, 94, 2024072918, 03, TABS,  12, 120N,  996W,   0,    0,   ,   0,    ,    0,    0,    0,    0, 
EP, 94, 2024072918, 03, TABS,  18, 122N, 1004W,   0,    0,   ,   0,    ,    0,    0,    0,    0, 
EP, 94, 2024072918, 03, TABS,  24, 125N, 1012W,   0,    0,   ,   0,    ,    0,    0,    0,    0, 
EP, 94, 2024072918, 03, TABS,  30, 127N, 1018W,   0,    0,   ,   0,    ,    0,    0,    0,    0, 
EP, 94, 2024072918, 03, TABS,  36, 131N, 1024W,   0,    0,   ,   0,    ,    0,    0,    0,    0, 
EP, 94, 2024072918, 03, TABS,  42, 136N, 1030W,   0,    0,   ,   0,    ,    0,    0,    0,    0, 
EP, 94, 2024072918, 03, TABS,  48, 143N, 1035W,   0,    0,   ,   0,    ,    0,    0,    0,    0, 
EP, 94, 2024072918, 03, TABS,  54, 150N, 1042W,   0,    0,   ,   0,    ,    0,    0,    0,    0, 
EP, 94, 2024072918, 03, TABS,  60, 158N, 1049W,   0,    0,   ,   0,    ,    0,    0,    0,    0, 
EP, 94, 2024072918, 03, TABS,  66, 167N, 1058W,   0,    0,   ,   0,    ,    0,    0,    0,    0, 
EP, 94, 2024072918, 03, TABS,  72, 175N, 1068W,   0,    0,   ,   0,    ,    0,    0,    0,    0, 
EP, 94, 2024072918, 03, TABS,  78, 183N, 1079W,   0,    0,   ,   0,    ,    0,    0,    0,    0, 
EP, 94, 2024072918, 03, TABS,  84, 188N, 1091W,   0,    0,   ,   0,    ,    0,    0,    0,    0, 
EP, 94, 2024072918, 03, TABS,  90, 192N, 1105W,   0,    0,   ,   0,    ,    0,    0,    0,    0, 
EP, 94, 2024072918, 03, TABS,  96, 195N, 1120W,   0,    0,   ,   0,    ,    0,    0,    0,    0, 
EP, 94, 2024072918, 03, TABS, 102, 195N, 1137W,   0,    0,   ,   0,    ,    0,    0,    0,    0, 
EP, 94, 2024072918, 03, TABS, 108, 193N, 1153W,   0,    0,   ,   0,    ,    0,    0,    0,    0, 
EP, 94, 2024072918, 03, TABS, 114, 188N, 1168W,   0,    0,   ,   0,    ,    0,    0,    0,    0, 
EP, 94, 2024072918, 03, TABS, 120, 181N, 1178W,   0,    0,   ,   0,    ,    0,    0,    0,    0, 
EP, 94, 2024072918, 03, TABS, 126, 174N, 1183W,   0,    0,   ,   0,    ,    0,    0,    0,    0, 
EP, 94, 2024072918, 03, TABS, 132, 169N, 1180W,   0,    0,   ,   0,    ,    0,    0,    0,    0, 
EP, 94, 2024072918, 03, TABS, 138, 169N, 1172W,   0,    0,   ,   0,    ,    0,    0,    0,    0, 
EP, 94, 2024072918, 03, TABS, 144, 176N, 1162W,   0,    0,   ,   0,    ,    0,    0,    0,    0, 
EP, 94, 2024072918, 03, TABS, 150, 187N, 1155W,   0,    0,   ,   0,    ,    0,    0,    0,    0, 
EP, 94, 2024072918, 03, TABS, 156, 201N, 1154W,   0,    0,   ,   0,    ,    0,    0,    0,    0, 
EP, 94, 2024072918, 03, TABS, 162, 218N, 1160W,   0,    0,   ,   0,    ,    0,    0,    0,    0, 
EP, 94, 2024072918, 03, TABS, 168, 233N, 1174W,   0,    0,   ,   0,    ,    0,    0,    0,    0, 
EP, 94, 2024072918, 03, TCLP,   0, 117N,  979W,  25,    0,   ,   0,    ,    0,    0,    0,    0, 
EP, 94, 2024072918, 03, TCLP,  12, 120N,  993W,  26,    0,   ,   0,    ,    0,    0,    0,    0, 
EP, 94, 2024072918, 03, TCLP,  24, 124N, 1008W,  29,    0,   ,   0,    ,    0,    0,    0,    0, 
EP, 94, 2024072918, 03, TCLP,  36, 129N, 1024W,  32,    0,   ,   0,    ,    0,    0,    0,    0, 
EP, 94, 2024072918, 03, TCLP,  48, 134N, 1039W,  36,    0,   ,   0,    ,    0,    0,    0,    0, 
EP, 94, 2024072918, 03, TCLP,  60, 140N, 1055W,  39,    0,   ,   0,    ,    0,    0,    0,    0, 
EP, 94, 2024072918, 03, TCLP,  72, 146N, 1071W,  43,    0,   ,   0,    ,    0,    0,    0,    0, 
EP, 94, 2024072918, 03, TCLP,  84, 152N, 1087W,  47,    0,   ,   0,    ,    0,    0,    0,    0, 
EP, 94, 2024072918, 03, TCLP,  96, 158N, 1103W,  51,    0,   ,   0,    ,    0,    0,    0,    0, 
EP, 94, 2024072918, 03, TCLP, 108, 164N, 1120W,  54,    0,   ,   0,    ,    0,    0,    0,    0, 
EP, 94, 2024072918, 03, TCLP, 120, 170N, 1136W,  56,    0,   ,   0,    ,    0,    0,    0,    0, 
EP, 94, 2024072918, 03, TCLP, 132, 175N, 1152W,  58,    0,   ,   0,    ,    0,    0,    0,    0, 
EP, 94, 2024072918, 03, TCLP, 144, 181N, 1169W,  59,    0,   ,   0,    ,    0,    0,    0,    0, 
EP, 94, 2024072918, 03, TCLP, 156, 187N, 1186W,  59,    0,   ,   0,    ,    0,    0,    0,    0, 
EP, 94, 2024072918, 03, TCLP, 168, 192N, 1202W,  58,    0,   ,   0,    ,    0,    0,    0,    0, 
EP, 94, 2024072918, 03, TCLP, 180, 198N, 1219W,  56,    0,   ,   0,    ,    0,    0,    0,    0, 
EP, 94, 2024072918, 03, TCLP, 192, 203N, 1237W,  54,    0,   ,   0,    ,    0,    0,    0,    0, 
EP, 94, 2024072918, 03, TCLP, 204, 208N, 1254W,  51,    0,   ,   0,    ,    0,    0,    0,    0, 
EP, 94, 2024072918, 03, TCLP, 216, 213N, 1271W,  48,    0,   ,   0,    ,    0,    0,    0,    0, 
EP, 94, 2024072918, 03, TCLP, 228, 218N, 1289W,  46,    0,   ,   0,    ,    0,    0,    0,    0, 
EP, 94, 2024072918, 03, TCLP, 240, 223N, 1307W,  43,    0,   ,   0,    ,    0,    0,    0,    0, 
EP, 94, 2024072918, 03, XTRP,   0, 117N,  979W,   0,    0,   ,   0,    ,    0,    0,    0,    0, 
EP, 94, 2024072918, 03, XTRP,  12, 119N,  990W,   0,    0,   ,   0,    ,    0,    0,    0,    0, 
EP, 94, 2024072918, 03, XTRP,  24, 121N, 1002W,   0,    0,   ,   0,    ,    0,    0,    0,    0, 
EP, 94, 2024072918, 03, XTRP,  36, 123N, 1014W,   0,    0,   ,   0,    ,    0,    0,    0,    0, 
EP, 94, 2024072918, 03, XTRP,  48, 125N, 1026W,   0,    0,   ,   0,    ,    0,    0,    0,    0, 
EP, 94, 2024072918, 03, XTRP,  60, 127N, 1038W,   0,    0,   ,   0,    ,    0,    0,    0,    0, 
EP, 94, 2024072918, 03, XTRP,  72, 129N, 1050W,   0,    0,   ,   0,    ,    0,    0,    0,    0, 
EP, 94, 2024072918, 03, XTRP,  84, 131N, 1062W,   0,    0,   ,   0,    ,    0,    0,    0,    0, 
EP, 94, 2024072918, 03, XTRP,  96, 134N, 1074W,   0,    0,   ,   0,    ,    0,    0,    0,    0, 
EP, 94, 2024072918, 03, XTRP, 108, 136N, 1086W,   0,    0,   ,   0,    ,    0,    0,    0,    0, 
EP, 94, 2024072918, 03, XTRP, 120, 138N, 1098W,   0,    0,   ,   0,    ,    0,    0,    0,    0, 
EP, 94, 2024072918, 03, XTRP, 132, 140N, 1110W,   0,    0,   ,   0,    ,    0,    0,    0,    0, 
EP, 94, 2024072918, 03, XTRP, 144, 142N, 1123W,   0,    0,   ,   0,    ,    0,    0,    0,    0, 
EP, 94, 2024072918, 03, XTRP, 156, 144N, 1135W,   0,    0,   ,   0,    ,    0,    0,    0,    0, 
EP, 94, 2024072918, 03, XTRP, 168, 146N, 1147W,   0,    0,   ,   0,    ,    0,    0,    0,    0, 
