AL, 90, 2024092818, 01, CARQ, -24, 147N,  252W,  25,    0, DB,  34, AAA,    0,    0,    0,    0,    0,    0,   0,   0,   0,   L,   0,   X,   0,   0,     INVEST,  , 
AL, 90, 2024092818, 01, CARQ, -18, 146N,  264W,  25,    0, DB,  34, AAA,    0,    0,    0,    0,    0,    0,   0,   0,   0,   L,   0,   X,   0,   0,     INVEST,  , 
AL, 90, 2024092818, 01, CARQ, -12, 147N,  279W,  25,    0, DB,  34, AAA,    0,    0,    0,    0,    0,    0,   0,   0,   0,   L,   0,   X, 270,  13,     INVEST,  , 
AL, 90, 2024092818, 01, CARQ,  -6, 146N,  291W,  25,    0, DB,  34, AAA,    0,    0,    0,    0,    0,    0,   0,   0,   0,   L,   0,   X,   0,   0,     INVEST,  , 
AL, 90, 2024092818, 01, CARQ,   0, 146N,  300W,  25, 1007, DB,  34, NEQ,    0,    0,    0,    0, 1010,  200, 150,   0,   0,   L,   0,   X, 270,  12,     INVEST, S, 
AL, 90, 2024092818, 01, CARQ,   0, 146N,  300W,  25, 1007, DB,  50, NEQ,    0,    0,    0,    0, 1010,  200, 150,   0,   0,   L,   0,   X, 270,  12,     INVEST, S, 
AL, 90, 2024092818, 01, CARQ,   0, 146N,  300W,  25, 1007, DB,  64, NEQ,    0,    0,    0,    0, 1010,  200, 150,   0,   0,   L,   0,   X, 270,  12,     INVEST, S, 
AL, 90, 2024092818, 03, CLP5,  12, 148N,  324W,   0,    0,   ,   0,    ,    0,    0,    0,    0, 
AL, 90, 2024092818, 03, CLP5,  24, 152N,  348W,   0,    0,   ,   0,    ,    0,    0,    0,    0, 
AL, 90, 2024092818, 03, CLP5,  36, 158N,  370W,   0,    0,   ,   0,    ,    0,    0,    0,    0, 
AL, 90, 2024092818, 03, CLP5,  48, 165N,  392W,   0,    0,   ,   0,    ,    0,    0,    0,    0, 
AL, 90, 2024092818, 03, CLP5,  60, 172N,  412W,   0,    0,   ,   0,    ,    0,    0,    0,    0, 
AL, 90, 2024092818, 03, CLP5,  72, 180N,  430W,   0,    0,   ,   0,    ,    0,    0,    0,    0, 
AL, 90, 2024092818, 03, CLP5,  84, 191N,  448W,   0,    0,   ,   0,    ,    0,    0,    0,    0, 
AL, 90, 2024092818, 03, CLP5,  96, 202N,  463W,   0,    0,   ,   0,    ,    0,    0,    0,    0, 
AL, 90, 2024092818, 03, CLP5, 108, 214N,  478W,   0,    0,   ,   0,    ,    0,    0,    0,    0, 
AL, 90, 2024092818, 03, CLP5, 120, 228N,  489W,   0,    0,   ,   0,    ,    0,    0,    0,    0, 
AL, 90, 2024092818, 03, DSHP,   0, 146N,  300W,  25,    0, TD,   0,    ,    0,    0,    0,    0, 
AL, 90, 2024092818, 03, DSHP,  12, 146N,  318W,  28,    0, TD,   0,    ,    0,    0,    0,    0, 
AL, 90, 2024092818, 03, DSHP,  24, 145N,  335W,  34,    0, TS,   0,    ,    0,    0,    0,    0, 
AL, 90, 2024092818, 03, DSHP,  36, 142N,  350W,  42,    0, TS,   0,    ,    0,    0,    0,    0, 
AL, 90, 2024092818, 03, DSHP,  48, 140N,  363W,  53,    0, TS,   0,    ,    0,    0,    0,    0, 
AL, 90, 2024092818, 03, DSHP,  60, 141N,  376W,  65,    0, HU,   0,    ,    0,    0,    0,    0, 
AL, 90, 2024092818, 03, DSHP,  72, 146N,  386W,  74,    0, HU,   0,    ,    0,    0,    0,    0, 
AL, 90, 2024092818, 03, DSHP,  84, 156N,  392W,  84,    0, HU,   0,    ,    0,    0,    0,    0, 
AL, 90, 2024092818, 03, DSHP,  96, 172N,  401W,  90,    0, HU,   0,    ,    0,    0,    0,    0, 
AL, 90, 2024092818, 03, DSHP, 108, 186N,  412W, 100,    0, HU,   0,    ,    0,    0,    0,    0, 
AL, 90, 2024092818, 03, DSHP, 120, 198N,  432W, 108,    0, HU,   0,    ,    0,    0,    0,    0, 
AL, 90, 2024092818, 03, DSHP, 132, 204N,  452W, 117,    0, HU,   0,    ,    0,    0,    0,    0, 
AL, 90, 2024092818, 03, DSHP, 144, 205N,  463W, 115,    0, HU,   0,    ,    0,    0,    0,    0, 
AL, 90, 2024092818, 03, DSHP, 156, 212N,  457W, 119,    0, HU,   0,    ,    0,    0,    0,    0, 
AL, 90, 2024092818, 03, DSHP, 168, 239N,  441W, 116,    0, HU,   0,    ,    0,    0,    0,    0, 
AL, 90, 2024092818, 03, IVCN,   0,   0N,    0W,  25,    0,   ,   0,    ,    0,    0,    0,    0, 
AL, 90, 2024092818, 03, IVCN,  12,   0N,    0W,  28,    0,   ,   0,    ,    0,    0,    0,    0, 
AL, 90, 2024092818, 03, IVCN,  24,   0N,    0W,  32,    0,   ,   0,    ,    0,    0,    0,    0, 
AL, 90, 2024092818, 03, IVCN,  36,   0N,    0W,  39,    0,   ,   0,    ,    0,    0,    0,    0, 
AL, 90, 2024092818, 03, IVCN,  48,   0N,    0W,  47,    0,   ,   0,    ,    0,    0,    0,    0, 
AL, 90, 2024092818, 03, IVCN,  60,   0N,    0W,  57,    0,   ,   0,    ,    0,    0,    0,    0, 
AL, 90, 2024092818, 03, IVCN,  72,   0N,    0W,  66,    0,   ,   0,    ,    0,    0,    0,    0, 
AL, 90, 2024092818, 03, IVCN,  84,   0N,    0W,  77,    0,   ,   0,    ,    0,    0,    0,    0, 
AL, 90, 2024092818, 03, IVCN,  96,   0N,    0W,  86,    0,   ,   0,    ,    0,    0,    0,    0, 
AL, 90, 2024092818, 03, IVCN, 108,   0N,    0W,  95,    0,   ,   0,    ,    0,    0,    0,    0, 
AL, 90, 2024092818, 03, IVCN, 120,   0N,    0W, 104,    0,   ,   0,    ,    0,    0,    0,    0, 
AL, 90, 2024092818, 03, IVCN, 132,   0N,    0W, 112,    0,   ,   0,    ,    0,    0,    0,    0, 
AL, 90, 2024092818, 03, IVCN, 144,   0N,    0W, 113,    0,   ,   0,    ,    0,    0,    0,    0, 
AL, 90, 2024092818, 03, IVCN, 156,   0N,    0W, 114,    0,   ,   0,    ,    0,    0,    0,    0, 
AL, 90, 2024092818, 03, IVCN, 168,   0N,    0W, 109,    0,   ,   0,    ,    0,    0,    0,    0, 
AL, 90, 2024092818, 03, LGEM,   0, 146N,  300W,  25,    0, TD,   0,    ,    0,    0,    0,    0, 
AL, 90, 2024092818, 03, LGEM,  12, 146N,  318W,  27,    0, TD,   0,    ,    0,    0,    0,    0, 
AL, 90, 2024092818, 03, LGEM,  24, 145N,  335W,  30,    0, TD,   0,    ,    0,    0,    0,    0, 
AL, 90, 2024092818, 03, LGEM,  36, 142N,  350W,  35,    0, TS,   0,    ,    0,    0,    0,    0, 
AL, 90, 2024092818, 03, LGEM,  48, 140N,  363W,  40,    0, TS,   0,    ,    0,    0,    0,    0, 
AL, 90, 2024092818, 03, LGEM,  60, 141N,  376W,  48,    0, TS,   0,    ,    0,    0,    0,    0, 
AL, 90, 2024092818, 03, LGEM,  72, 146N,  386W,  58,    0, TS,   0,    ,    0,    0,    0,    0, 
AL, 90, 2024092818, 03, LGEM,  84, 156N,  392W,  70,    0, HU,   0,    ,    0,    0,    0,    0, 
AL, 90, 2024092818, 03, LGEM,  96, 172N,  401W,  81,    0, HU,   0,    ,    0,    0,    0,    0, 
AL, 90, 2024092818, 03, LGEM, 108, 186N,  412W,  90,    0, HU,   0,    ,    0,    0,    0,    0, 
AL, 90, 2024092818, 03, LGEM, 120, 198N,  432W, 100,    0, HU,   0,    ,    0,    0,    0,    0, 
AL, 90, 2024092818, 03, LGEM, 132, 204N,  452W, 107,    0, HU,   0,    ,    0,    0,    0,    0, 
AL, 90, 2024092818, 03, LGEM, 144, 205N,  463W, 110,    0, HU,   0,    ,    0,    0,    0,    0, 
AL, 90, 2024092818, 03, LGEM, 156, 212N,  457W, 108,    0, HU,   0,    ,    0,    0,    0,    0, 
AL, 90, 2024092818, 03, LGEM, 168, 239N,  441W, 102,    0, HU,   0,    ,    0,    0,    0,    0, 
AL, 90, 2024092818, 03, NNIB,   0, 146N,  300W,  25,    0, TD,   0,    ,    0,    0,    0,    0, 
AL, 90, 2024092818, 03, NNIB,  12, 146N,  310W,  28,    0, TD,   0,    ,    0,    0,    0,    0, 
AL, 90, 2024092818, 03, NNIB,  24, 146N,  319W,  32,    0, TD,   0,    ,    0,    0,    0,    0, 
AL, 90, 2024092818, 03, NNIB,  36, 146N,  327W,  39,    0, TS,   0,    ,    0,    0,    0,    0, 
AL, 90, 2024092818, 03, NNIB,  48, 145N,  335W,  47,    0, TS,   0,    ,    0,    0,    0,    0, 
AL, 90, 2024092818, 03, NNIB,  60, 144N,  343W,  57,    0, TS,   0,    ,    0,    0,    0,    0, 
AL, 90, 2024092818, 03, NNIB,  72, 142N,  350W,  66,    0, HU,   0,    ,    0,    0,    0,    0, 
AL, 90, 2024092818, 03, NNIB,  84, 141N,  357W,  77,    0, HU,   0,    ,    0,    0,    0,    0, 
AL, 90, 2024092818, 03, NNIB,  96, 140N,  364W,  86,    0, HU,   0,    ,    0,    0,    0,    0, 
AL, 90, 2024092818, 03, NNIB, 108, 140N,  370W,  95,    0, HU,   0,    ,    0,    0,    0,    0, 
AL, 90, 2024092818, 03, NNIB, 120, 141N,  376W, 104,    0, HU,   0,    ,    0,    0,    0,    0, 
AL, 90, 2024092818, 03, NNIB, 132, 142N,  381W, 112,    0, HU,   0,    ,    0,    0,    0,    0, 
AL, 90, 2024092818, 03, NNIB, 144, 146N,  386W, 113,    0, HU,   0,    ,    0,    0,    0,    0, 
AL, 90, 2024092818, 03, NNIB, 156, 150N,  389W, 114,    0, HU,   0,    ,    0,    0,    0,    0, 
AL, 90, 2024092818, 03, NNIB, 168, 156N,  393W, 109,    0, HU,   0,    ,    0,    0,    0,    0, 
AL, 90, 2024092818, 03, NNIC,   0, 146N,  300W,  25,    0, TD,   0,    ,    0,    0,    0,    0, 
AL, 90, 2024092818, 03, NNIC,  12, 146N,  310W,  30,    0, TD,   0,    ,    0,    0,    0,    0, 
AL, 90, 2024092818, 03, NNIC,  24, 146N,  319W,  35,    0, TS,   0,    ,    0,    0,    0,    0, 
AL, 90, 2024092818, 03, NNIC,  36, 146N,  327W,  42,    0, TS,   0,    ,    0,    0,    0,    0, 
AL, 90, 2024092818, 03, NNIC,  48, 145N,  335W,  51,    0, TS,   0,    ,    0,    0,    0,    0, 
AL, 90, 2024092818, 03, NNIC,  60, 144N,  343W,  62,    0, TS,   0,    ,    0,    0,    0,    0, 
AL, 90, 2024092818, 03, NNIC,  72, 142N,  350W,  71,    0, HU,   0,    ,    0,    0,    0,    0, 
AL, 90, 2024092818, 03, NNIC,  84, 141N,  357W,  84,    0, HU,   0,    ,    0,    0,    0,    0, 
AL, 90, 2024092818, 03, NNIC,  96, 140N,  364W,  95,    0, HU,   0,    ,    0,    0,    0,    0, 
AL, 90, 2024092818, 03, NNIC, 108, 140N,  370W,  96,    0, HU,   0,    ,    0,    0,    0,    0, 
AL, 90, 2024092818, 03, NNIC, 120, 141N,  376W, 105,    0, HU,   0,    ,    0,    0,    0,    0, 
AL, 90, 2024092818, 03, NNIC, 132, 142N,  381W, 106,    0, HU,   0,    ,    0,    0,    0,    0, 
AL, 90, 2024092818, 03, NNIC, 144, 146N,  386W, 124,    0, HU,   0,    ,    0,    0,    0,    0, 
AL, 90, 2024092818, 03, NNIC, 156, 150N,  389W, 133,    0, HU,   0,    ,    0,    0,    0,    0, 
AL, 90, 2024092818, 03, NNIC, 168, 156N,  393W,  99,    0, HU,   0,    ,    0,    0,    0,    0, 
AL, 90, 2024092818, 03, OCD5,   0, 146N,  300W,  25,    0,   ,   0,    ,    0,    0,    0,    0, 
AL, 90, 2024092818, 03, OCD5,  12, 148N,  324W,  27,    0,   ,   0,    ,    0,    0,    0,    0, 
AL, 90, 2024092818, 03, OCD5,  24, 152N,  348W,  30,    0,   ,   0,    ,    0,    0,    0,    0, 
AL, 90, 2024092818, 03, OCD5,  36, 158N,  370W,  33,    0,   ,   0,    ,    0,    0,    0,    0, 
AL, 90, 2024092818, 03, OCD5,  48, 165N,  392W,  37,    0,   ,   0,    ,    0,    0,    0,    0, 
AL, 90, 2024092818, 03, OCD5,  60, 172N,  412W,  40,    0,   ,   0,    ,    0,    0,    0,    0, 
AL, 90, 2024092818, 03, OCD5,  72, 180N,  430W,  44,    0,   ,   0,    ,    0,    0,    0,    0, 
AL, 90, 2024092818, 03, OCD5,  84, 191N,  448W,  49,    0,   ,   0,    ,    0,    0,    0,    0, 
AL, 90, 2024092818, 03, OCD5,  96, 202N,  463W,  53,    0,   ,   0,    ,    0,    0,    0,    0, 
AL, 90, 2024092818, 03, OCD5, 108, 214N,  478W,  57,    0,   ,   0,    ,    0,    0,    0,    0, 
AL, 90, 2024092818, 03, OCD5, 120, 228N,  489W,  55,    0,   ,   0,    ,    0,    0,    0,    0, 
AL, 90, 2024092818, 03, SHF5,   0,   0N,    0W,  25,    0,   ,   0,    ,    0,    0,    0,    0, 
AL, 90, 2024092818, 03, SHF5,  12,   0N,    0W,  27,    0,   ,   0,    ,    0,    0,    0,    0, 
AL, 90, 2024092818, 03, SHF5,  24,   0N,    0W,  30,    0,   ,   0,    ,    0,    0,    0,    0, 
AL, 90, 2024092818, 03, SHF5,  36,   0N,    0W,  33,    0,   ,   0,    ,    0,    0,    0,    0, 
AL, 90, 2024092818, 03, SHF5,  48,   0N,    0W,  37,    0,   ,   0,    ,    0,    0,    0,    0, 
AL, 90, 2024092818, 03, SHF5,  60,   0N,    0W,  40,    0,   ,   0,    ,    0,    0,    0,    0, 
AL, 90, 2024092818, 03, SHF5,  72,   0N,    0W,  44,    0,   ,   0,    ,    0,    0,    0,    0, 
AL, 90, 2024092818, 03, SHF5,  84,   0N,    0W,  49,    0,   ,   0,    ,    0,    0,    0,    0, 
AL, 90, 2024092818, 03, SHF5,  96,   0N,    0W,  53,    0,   ,   0,    ,    0,    0,    0,    0, 
AL, 90, 2024092818, 03, SHF5, 108,   0N,    0W,  57,    0,   ,   0,    ,    0,    0,    0,    0, 
AL, 90, 2024092818, 03, SHF5, 120,   0N,    0W,  55,    0,   ,   0,    ,    0,    0,    0,    0, 
AL, 90, 2024092818, 03, SHIP,   0, 146N,  300W,  25,    0, TD,   0,    ,    0,    0,    0,    0, 
AL, 90, 2024092818, 03, SHIP,  12, 146N,  318W,  28,    0, TD,   0,    ,    0,    0,    0,    0, 
AL, 90, 2024092818, 03, SHIP,  24, 145N,  335W,  34,    0, TS,   0,    ,    0,    0,    0,    0, 
AL, 90, 2024092818, 03, SHIP,  36, 142N,  350W,  42,    0, TS,   0,    ,    0,    0,    0,    0, 
AL, 90, 2024092818, 03, SHIP,  48, 140N,  363W,  53,    0, TS,   0,    ,    0,    0,    0,    0, 
AL, 90, 2024092818, 03, SHIP,  60, 141N,  376W,  65,    0, HU,   0,    ,    0,    0,    0,    0, 
AL, 90, 2024092818, 03, SHIP,  72, 146N,  386W,  74,    0, HU,   0,    ,    0,    0,    0,    0, 
AL, 90, 2024092818, 03, SHIP,  84, 156N,  392W,  84,    0, HU,   0,    ,    0,    0,    0,    0, 
AL, 90, 2024092818, 03, SHIP,  96, 172N,  401W,  90,    0, HU,   0,    ,    0,    0,    0,    0, 
AL, 90, 2024092818, 03, SHIP, 108, 186N,  412W, 100,    0, HU,   0,    ,    0,    0,    0,    0, 
AL, 90, 2024092818, 03, SHIP, 120, 198N,  432W, 108,    0, HU,   0,    ,    0,    0,    0,    0, 
AL, 90, 2024092818, 03, SHIP, 132, 204N,  452W, 117,    0, HU,   0,    ,    0,    0,    0,    0, 
AL, 90, 2024092818, 03, SHIP, 144, 205N,  463W, 115,    0, HU,   0,    ,    0,    0,    0,    0, 
AL, 90, 2024092818, 03, SHIP, 156, 212N,  457W, 119,    0, HU,   0,    ,    0,    0,    0,    0, 
AL, 90, 2024092818, 03, SHIP, 168, 239N,  441W, 116,    0, HU,   0,    ,    0,    0,    0,    0, 
AL, 90, 2024092818, 03, TABD,   0, 146N,  300W,   0,    0,   ,   0,    ,    0,    0,    0,    0, 
AL, 90, 2024092818, 03, TABD,   6, 145N,  310W,   0,    0,   ,   0,    ,    0,    0,    0,    0, 
AL, 90, 2024092818, 03, TABD,  12, 143N,  319W,   0,    0,   ,   0,    ,    0,    0,    0,    0, 
AL, 90, 2024092818, 03, TABD,  18, 141N,  328W,   0,    0,   ,   0,    ,    0,    0,    0,    0, 
AL, 90, 2024092818, 03, TABD,  24, 139N,  336W,   0,    0,   ,   0,    ,    0,    0,    0,    0, 
AL, 90, 2024092818, 03, TABD,  30, 137N,  344W,   0,    0,   ,   0,    ,    0,    0,    0,    0, 
AL, 90, 2024092818, 03, TABD,  36, 135N,  351W,   0,    0,   ,   0,    ,    0,    0,    0,    0, 
AL, 90, 2024092818, 03, TABD,  42, 134N,  358W,   0,    0,   ,   0,    ,    0,    0,    0,    0, 
AL, 90, 2024092818, 03, TABD,  48, 133N,  364W,   0,    0,   ,   0,    ,    0,    0,    0,    0, 
AL, 90, 2024092818, 03, TABD,  54, 132N,  370W,   0,    0,   ,   0,    ,    0,    0,    0,    0, 
AL, 90, 2024092818, 03, TABD,  60, 132N,  375W,   0,    0,   ,   0,    ,    0,    0,    0,    0, 
AL, 90, 2024092818, 03, TABD,  66, 134N,  379W,   0,    0,   ,   0,    ,    0,    0,    0,    0, 
AL, 90, 2024092818, 03, TABD,  72, 138N,  383W,   0,    0,   ,   0,    ,    0,    0,    0,    0, 
AL, 90, 2024092818, 03, TABD,  78, 143N,  385W,   0,    0,   ,   0,    ,    0,    0,    0,    0, 
AL, 90, 2024092818, 03, TABD,  84, 149N,  388W,   0,    0,   ,   0,    ,    0,    0,    0,    0, 
AL, 90, 2024092818, 03, TABD,  90, 156N,  391W,   0,    0,   ,   0,    ,    0,    0,    0,    0, 
AL, 90, 2024092818, 03, TABD,  96, 165N,  393W,   0,    0,   ,   0,    ,    0,    0,    0,    0, 
AL, 90, 2024092818, 03, TABD, 102, 174N,  396W,   0,    0,   ,   0,    ,    0,    0,    0,    0, 
AL, 90, 2024092818, 03, TABD, 108, 182N,  401W,   0,    0,   ,   0,    ,    0,    0,    0,    0, 
AL, 90, 2024092818, 03, TABD, 114, 190N,  409W,   0,    0,   ,   0,    ,    0,    0,    0,    0, 
AL, 90, 2024092818, 03, TABD, 120, 199N,  418W,   0,    0,   ,   0,    ,    0,    0,    0,    0, 
AL, 90, 2024092818, 03, TABD, 126, 207N,  429W,   0,    0,   ,   0,    ,    0,    0,    0,    0, 
AL, 90, 2024092818, 03, TABD, 132, 213N,  440W,   0,    0,   ,   0,    ,    0,    0,    0,    0, 
AL, 90, 2024092818, 03, TABD, 138, 218N,  451W,   0,    0,   ,   0,    ,    0,    0,    0,    0, 
AL, 90, 2024092818, 03, TABD, 144, 222N,  460W,   0,    0,   ,   0,    ,    0,    0,    0,    0, 
AL, 90, 2024092818, 03, TABD, 150, 226N,  465W,   0,    0,   ,   0,    ,    0,    0,    0,    0, 
AL, 90, 2024092818, 03, TABD, 156, 230N,  468W,   0,    0,   ,   0,    ,    0,    0,    0,    0, 
AL, 90, 2024092818, 03, TABD, 162, 236N,  467W,   0,    0,   ,   0,    ,    0,    0,    0,    0, 
AL, 90, 2024092818, 03, TABD, 168, 244N,  462W,   0,    0,   ,   0,    ,    0,    0,    0,    0, 
AL, 90, 2024092818, 03, TABM,   0, 146N,  300W,   0,    0,   ,   0,    ,    0,    0,    0,    0, 
AL, 90, 2024092818, 03, TABM,   6, 146N,  310W,   0,    0,   ,   0,    ,    0,    0,    0,    0, 
AL, 90, 2024092818, 03, TABM,  12, 146N,  319W,   0,    0,   ,   0,    ,    0,    0,    0,    0, 
AL, 90, 2024092818, 03, TABM,  18, 146N,  327W,   0,    0,   ,   0,    ,    0,    0,    0,    0, 
AL, 90, 2024092818, 03, TABM,  24, 145N,  335W,   0,    0,   ,   0,    ,    0,    0,    0,    0, 
AL, 90, 2024092818, 03, TABM,  30, 144N,  343W,   0,    0,   ,   0,    ,    0,    0,    0,    0, 
AL, 90, 2024092818, 03, TABM,  36, 142N,  350W,   0,    0,   ,   0,    ,    0,    0,    0,    0, 
AL, 90, 2024092818, 03, TABM,  42, 141N,  357W,   0,    0,   ,   0,    ,    0,    0,    0,    0, 
AL, 90, 2024092818, 03, TABM,  48, 140N,  364W,   0,    0,   ,   0,    ,    0,    0,    0,    0, 
AL, 90, 2024092818, 03, TABM,  54, 140N,  370W,   0,    0,   ,   0,    ,    0,    0,    0,    0, 
AL, 90, 2024092818, 03, TABM,  60, 141N,  376W,   0,    0,   ,   0,    ,    0,    0,    0,    0, 
AL, 90, 2024092818, 03, TABM,  66, 142N,  381W,   0,    0,   ,   0,    ,    0,    0,    0,    0, 
AL, 90, 2024092818, 03, TABM,  72, 146N,  386W,   0,    0,   ,   0,    ,    0,    0,    0,    0, 
AL, 90, 2024092818, 03, TABM,  78, 150N,  389W,   0,    0,   ,   0,    ,    0,    0,    0,    0, 
AL, 90, 2024092818, 03, TABM,  84, 156N,  393W,   0,    0,   ,   0,    ,    0,    0,    0,    0, 
AL, 90, 2024092818, 03, TABM,  90, 164N,  397W,   0,    0,   ,   0,    ,    0,    0,    0,    0, 
AL, 90, 2024092818, 03, TABM,  96, 172N,  401W,   0,    0,   ,   0,    ,    0,    0,    0,    0, 
AL, 90, 2024092818, 03, TABM, 102, 180N,  406W,   0,    0,   ,   0,    ,    0,    0,    0,    0, 
AL, 90, 2024092818, 03, TABM, 108, 186N,  413W,   0,    0,   ,   0,    ,    0,    0,    0,    0, 
AL, 90, 2024092818, 03, TABM, 114, 192N,  422W,   0,    0,   ,   0,    ,    0,    0,    0,    0, 
AL, 90, 2024092818, 03, TABM, 120, 198N,  433W,   0,    0,   ,   0,    ,    0,    0,    0,    0, 
AL, 90, 2024092818, 03, TABM, 126, 202N,  444W,   0,    0,   ,   0,    ,    0,    0,    0,    0, 
AL, 90, 2024092818, 03, TABM, 132, 204N,  453W,   0,    0,   ,   0,    ,    0,    0,    0,    0, 
AL, 90, 2024092818, 03, TABM, 138, 204N,  461W,   0,    0,   ,   0,    ,    0,    0,    0,    0, 
AL, 90, 2024092818, 03, TABM, 144, 205N,  464W,   0,    0,   ,   0,    ,    0,    0,    0,    0, 
AL, 90, 2024092818, 03, TABM, 150, 207N,  463W,   0,    0,   ,   0,    ,    0,    0,    0,    0, 
AL, 90, 2024092818, 03, TABM, 156, 212N,  458W,   0,    0,   ,   0,    ,    0,    0,    0,    0, 
AL, 90, 2024092818, 03, TABM, 162, 223N,  450W,   0,    0,   ,   0,    ,    0,    0,    0,    0, 
AL, 90, 2024092818, 03, TABM, 168, 239N,  442W,   0,    0,   ,   0,    ,    0,    0,    0,    0, 
AL, 90, 2024092818, 03, TABS,   0, 146N,  300W,   0,    0,   ,   0,    ,    0,    0,    0,    0, 
AL, 90, 2024092818, 03, TABS,   6, 147N,  311W,   0,    0,   ,   0,    ,    0,    0,    0,    0, 
AL, 90, 2024092818, 03, TABS,  12, 149N,  323W,   0,    0,   ,   0,    ,    0,    0,    0,    0, 
AL, 90, 2024092818, 03, TABS,  18, 152N,  335W,   0,    0,   ,   0,    ,    0,    0,    0,    0, 
AL, 90, 2024092818, 03, TABS,  24, 153N,  346W,   0,    0,   ,   0,    ,    0,    0,    0,    0, 
AL, 90, 2024092818, 03, TABS,  30, 153N,  357W,   0,    0,   ,   0,    ,    0,    0,    0,    0, 
AL, 90, 2024092818, 03, TABS,  36, 153N,  368W,   0,    0,   ,   0,    ,    0,    0,    0,    0, 
AL, 90, 2024092818, 03, TABS,  42, 153N,  379W,   0,    0,   ,   0,    ,    0,    0,    0,    0, 
AL, 90, 2024092818, 03, TABS,  48, 153N,  390W,   0,    0,   ,   0,    ,    0,    0,    0,    0, 
AL, 90, 2024092818, 03, TABS,  54, 152N,  399W,   0,    0,   ,   0,    ,    0,    0,    0,    0, 
AL, 90, 2024092818, 03, TABS,  60, 152N,  406W,   0,    0,   ,   0,    ,    0,    0,    0,    0, 
AL, 90, 2024092818, 03, TABS,  66, 151N,  412W,   0,    0,   ,   0,    ,    0,    0,    0,    0, 
AL, 90, 2024092818, 03, TABS,  72, 152N,  417W,   0,    0,   ,   0,    ,    0,    0,    0,    0, 
AL, 90, 2024092818, 03, TABS,  78, 154N,  420W,   0,    0,   ,   0,    ,    0,    0,    0,    0, 
AL, 90, 2024092818, 03, TABS,  84, 157N,  422W,   0,    0,   ,   0,    ,    0,    0,    0,    0, 
AL, 90, 2024092818, 03, TABS,  90, 162N,  424W,   0,    0,   ,   0,    ,    0,    0,    0,    0, 
AL, 90, 2024092818, 03, TABS,  96, 168N,  426W,   0,    0,   ,   0,    ,    0,    0,    0,    0, 
AL, 90, 2024092818, 03, TABS, 102, 174N,  426W,   0,    0,   ,   0,    ,    0,    0,    0,    0, 
AL, 90, 2024092818, 03, TABS, 108, 180N,  427W,   0,    0,   ,   0,    ,    0,    0,    0,    0, 
AL, 90, 2024092818, 03, TABS, 114, 187N,  431W,   0,    0,   ,   0,    ,    0,    0,    0,    0, 
AL, 90, 2024092818, 03, TABS, 120, 195N,  439W,   0,    0,   ,   0,    ,    0,    0,    0,    0, 
AL, 90, 2024092818, 03, TABS, 126, 202N,  448W,   0,    0,   ,   0,    ,    0,    0,    0,    0, 
AL, 90, 2024092818, 03, TABS, 132, 207N,  459W,   0,    0,   ,   0,    ,    0,    0,    0,    0, 
AL, 90, 2024092818, 03, TABS, 138, 209N,  470W,   0,    0,   ,   0,    ,    0,    0,    0,    0, 
AL, 90, 2024092818, 03, TABS, 144, 208N,  477W,   0,    0,   ,   0,    ,    0,    0,    0,    0, 
AL, 90, 2024092818, 03, TABS, 150, 207N,  478W,   0,    0,   ,   0,    ,    0,    0,    0,    0, 
AL, 90, 2024092818, 03, TABS, 156, 209N,  473W,   0,    0,   ,   0,    ,    0,    0,    0,    0, 
AL, 90, 2024092818, 03, TABS, 162, 217N,  463W,   0,    0,   ,   0,    ,    0,    0,    0,    0, 
AL, 90, 2024092818, 03, TABS, 168, 231N,  453W,   0,    0,   ,   0,    ,    0,    0,    0,    0, 
AL, 90, 2024092818, 03, TCLP,   0, 146N,  300W,  25,    0,   ,   0,    ,    0,    0,    0,    0, 
AL, 90, 2024092818, 03, TCLP,  12, 147N,  323W,  26,    0,   ,   0,    ,    0,    0,    0,    0, 
AL, 90, 2024092818, 03, TCLP,  24, 150N,  344W,  27,    0,   ,   0,    ,    0,    0,    0,    0, 
AL, 90, 2024092818, 03, TCLP,  36, 155N,  363W,  29,    0,   ,   0,    ,    0,    0,    0,    0, 
AL, 90, 2024092818, 03, TCLP,  48, 160N,  380W,  32,    0,   ,   0,    ,    0,    0,    0,    0, 
AL, 90, 2024092818, 03, TCLP,  60, 166N,  395W,  34,    0,   ,   0,    ,    0,    0,    0,    0, 
AL, 90, 2024092818, 03, TCLP,  72, 173N,  409W,  37,    0,   ,   0,    ,    0,    0,    0,    0, 
AL, 90, 2024092818, 03, TCLP,  84, 181N,  422W,  39,    0,   ,   0,    ,    0,    0,    0,    0, 
AL, 90, 2024092818, 03, TCLP,  96, 189N,  433W,  42,    0,   ,   0,    ,    0,    0,    0,    0, 
AL, 90, 2024092818, 03, TCLP, 108, 197N,  443W,  44,    0,   ,   0,    ,    0,    0,    0,    0, 
AL, 90, 2024092818, 03, TCLP, 120, 206N,  451W,  46,    0,   ,   0,    ,    0,    0,    0,    0, 
AL, 90, 2024092818, 03, TCLP, 132, 215N,  458W,  49,    0,   ,   0,    ,    0,    0,    0,    0, 
AL, 90, 2024092818, 03, TCLP, 144, 224N,  464W,  51,    0,   ,   0,    ,    0,    0,    0,    0, 
AL, 90, 2024092818, 03, TCLP, 156, 234N,  469W,  53,    0,   ,   0,    ,    0,    0,    0,    0, 
AL, 90, 2024092818, 03, TCLP, 168, 243N,  472W,  55,    0,   ,   0,    ,    0,    0,    0,    0, 
AL, 90, 2024092818, 03, TCLP, 180, 253N,  474W,  56,    0,   ,   0,    ,    0,    0,    0,    0, 
AL, 90, 2024092818, 03, TCLP, 192, 263N,  475W,  58,    0,   ,   0,    ,    0,    0,    0,    0, 
AL, 90, 2024092818, 03, TCLP, 204, 274N,  474W,  59,    0,   ,   0,    ,    0,    0,    0,    0, 
AL, 90, 2024092818, 03, TCLP, 216, 284N,  472W,  60,    0,   ,   0,    ,    0,    0,    0,    0, 
AL, 90, 2024092818, 03, TCLP, 228, 295N,  468W,  60,    0,   ,   0,    ,    0,    0,    0,    0, 
AL, 90, 2024092818, 03, TCLP, 240, 306N,  463W,  60,    0,   ,   0,    ,    0,    0,    0,    0, 
AL, 90, 2024092818, 03, XTRP,   0, 146N,  300W,   0,    0,   ,   0,    ,    0,    0,    0,    0, 
AL, 90, 2024092818, 03, XTRP,  12, 145N,  320W,   0,    0,   ,   0,    ,    0,    0,    0,    0, 
AL, 90, 2024092818, 03, XTRP,  24, 144N,  341W,   0,    0,   ,   0,    ,    0,    0,    0,    0, 
AL, 90, 2024092818, 03, XTRP,  36, 143N,  362W,   0,    0,   ,   0,    ,    0,    0,    0,    0, 
AL, 90, 2024092818, 03, XTRP,  48, 142N,  383W,   0,    0,   ,   0,    ,    0,    0,    0,    0, 
AL, 90, 2024092818, 03, XTRP,  60, 141N,  404W,   0,    0,   ,   0,    ,    0,    0,    0,    0, 
AL, 90, 2024092818, 03, XTRP,  72, 140N,  425W,   0,    0,   ,   0,    ,    0,    0,    0,    0, 
AL, 90, 2024092818, 03, XTRP,  84, 139N,  446W,   0,    0,   ,   0,    ,    0,    0,    0,    0, 
AL, 90, 2024092818, 03, XTRP,  96, 137N,  467W,   0,    0,   ,   0,    ,    0,    0,    0,    0, 
AL, 90, 2024092818, 03, XTRP, 108, 136N,  488W,   0,    0,   ,   0,    ,    0,    0,    0,    0, 
AL, 90, 2024092818, 03, XTRP, 120, 135N,  509W,   0,    0,   ,   0,    ,    0,    0,    0,    0, 
AL, 90, 2024092818, 03, XTRP, 132, 134N,  529W,   0,    0,   ,   0,    ,    0,    0,    0,    0, 
AL, 90, 2024092818, 03, XTRP, 144, 133N,  550W,   0,    0,   ,   0,    ,    0,    0,    0,    0, 
AL, 90, 2024092818, 03, XTRP, 156, 132N,  571W,   0,    0,   ,   0,    ,    0,    0,    0,    0, 
AL, 90, 2024092818, 03, XTRP, 168, 131N,  592W,   0,    0,   ,   0,    ,    0,    0,    0,    0, 
