EP, 95, 2024073018, 01, CARQ, -24, 119N, 1207W,  20,    0, LO,  34, AAA,    0,    0,    0,    0,    0,    0,   0,   0,   0,   E,   0,   X,   0,   0,     INVEST,  , 
EP, 95, 2024073018, 01, CARQ, -18, 120N, 1210W,  20,    0, LO,  34, AAA,    0,    0,    0,    0,    0,    0,   0,   0,   0,   E,   0,   X,   0,   0,     INVEST,  , 
EP, 95, 2024073018, 01, CARQ, -12, 121N, 1213W,  20,    0, LO,  34, AAA,    0,    0,    0,    0,    0,    0,   0,   0,   0,   E,   0,   X, 309,   3,     INVEST,  , 
EP, 95, 2024073018, 01, CARQ,  -6, 124N, 1215W,  20,    0, LO,  34, AAA,    0,    0,    0,    0,    0,    0,   0,   0,   0,   E,   0,   X,   0,   0,     INVEST,  , 
EP, 95, 2024073018, 01, CARQ,   0, 127N, 1216W,  25, 1010, LO,  34, NEQ,    0,    0,    0,    0, 1012,  120,  50,   0,   0,   E,   0,   X, 305,   4,     INVEST, S, 
EP, 95, 2024073018, 01, CARQ,   0, 127N, 1216W,  25, 1010, LO,  50, NEQ,    0,    0,    0,    0, 1012,  120,  50,   0,   0,   E,   0,   X, 305,   4,     INVEST, S, 
EP, 95, 2024073018, 01, CARQ,   0, 127N, 1216W,  25, 1010, LO,  64, NEQ,    0,    0,    0,    0, 1012,  120,  50,   0,   0,   E,   0,   X, 305,   4,     INVEST, S, 
EP, 95, 2024073018, 03, CLP5,  12, 132N, 1224W,   0,    0,   ,   0,    ,    0,    0,    0,    0, 
EP, 95, 2024073018, 03, CLP5,  24, 138N, 1234W,   0,    0,   ,   0,    ,    0,    0,    0,    0, 
EP, 95, 2024073018, 03, CLP5,  36, 143N, 1245W,   0,    0,   ,   0,    ,    0,    0,    0,    0, 
EP, 95, 2024073018, 03, CLP5,  48, 149N, 1258W,   0,    0,   ,   0,    ,    0,    0,    0,    0, 
EP, 95, 2024073018, 03, CLP5,  60, 154N, 1270W,   0,    0,   ,   0,    ,    0,    0,    0,    0, 
EP, 95, 2024073018, 03, CLP5,  72, 159N, 1283W,   0,    0,   ,   0,    ,    0,    0,    0,    0, 
EP, 95, 2024073018, 03, CLP5,  84, 164N, 1298W,   0,    0,   ,   0,    ,    0,    0,    0,    0, 
EP, 95, 2024073018, 03, CLP5,  96, 169N, 1314W,   0,    0,   ,   0,    ,    0,    0,    0,    0, 
EP, 95, 2024073018, 03, CLP5, 108, 173N, 1327W,   0,    0,   ,   0,    ,    0,    0,    0,    0, 
EP, 95, 2024073018, 03, CLP5, 120, 177N, 1342W,   0,    0,   ,   0,    ,    0,    0,    0,    0, 
EP, 95, 2024073018, 03, DSHP,   0, 127N, 1215W,  25,    0, TD,   0,    ,    0,    0,    0,    0, 
EP, 95, 2024073018, 03, DSHP,  12, 131N, 1225W,  29,    0, TD,   0,    ,    0,    0,    0,    0, 
EP, 95, 2024073018, 03, DSHP,  24, 135N, 1235W,  32,    0, TD,   0,    ,    0,    0,    0,    0, 
EP, 95, 2024073018, 03, DSHP,  36, 137N, 1245W,  36,    0, TS,   0,    ,    0,    0,    0,    0, 
EP, 95, 2024073018, 03, DSHP,  48, 137N, 1255W,  42,    0, TS,   0,    ,    0,    0,    0,    0, 
EP, 95, 2024073018, 03, DSHP,  60, 136N, 1265W,  47,    0, TS,   0,    ,    0,    0,    0,    0, 
EP, 95, 2024073018, 03, DSHP,  72, 131N, 1277W,  50,    0, TS,   0,    ,    0,    0,    0,    0, 
EP, 95, 2024073018, 03, DSHP,  84, 124N, 1287W,  53,    0, TS,   0,    ,    0,    0,    0,    0, 
EP, 95, 2024073018, 03, DSHP,  96, 118N, 1295W,  55,    0, TS,   0,    ,    0,    0,    0,    0, 
EP, 95, 2024073018, 03, DSHP, 108, 118N, 1298W,  54,    0, TS,   0,    ,    0,    0,    0,    0, 
EP, 95, 2024073018, 03, DSHP, 120, 122N, 1293W,  55,    0, TS,   0,    ,    0,    0,    0,    0, 
EP, 95, 2024073018, 03, DSHP, 132, 130N, 1275W,  54,    0, TS,   0,    ,    0,    0,    0,    0, 
EP, 95, 2024073018, 03, DSHP, 144, 141N, 1244W,  54,    0, TS,   0,    ,    0,    0,    0,    0, 
EP, 95, 2024073018, 03, DSHP, 156, 157N, 1212W,  53,    0, TS,   0,    ,    0,    0,    0,    0, 
EP, 95, 2024073018, 03, DSHP, 168, 171N, 1194W,  54,    0, TS,   0,    ,    0,    0,    0,    0, 
EP, 95, 2024073018, 03, IVCN,   0,   0N,    0W,  25,    0,   ,   0,    ,    0,    0,    0,    0, 
EP, 95, 2024073018, 03, IVCN,  12,   0N,    0W,  29,    0,   ,   0,    ,    0,    0,    0,    0, 
EP, 95, 2024073018, 03, IVCN,  24,   0N,    0W,  32,    0,   ,   0,    ,    0,    0,    0,    0, 
EP, 95, 2024073018, 03, IVCN,  36,   0N,    0W,  35,    0,   ,   0,    ,    0,    0,    0,    0, 
EP, 95, 2024073018, 03, IVCN,  48,   0N,    0W,  38,    0,   ,   0,    ,    0,    0,    0,    0, 
EP, 95, 2024073018, 03, IVCN,  60,   0N,    0W,  41,    0,   ,   0,    ,    0,    0,    0,    0, 
EP, 95, 2024073018, 03, IVCN,  72,   0N,    0W,  43,    0,   ,   0,    ,    0,    0,    0,    0, 
EP, 95, 2024073018, 03, IVCN,  84,   0N,    0W,  46,    0,   ,   0,    ,    0,    0,    0,    0, 
EP, 95, 2024073018, 03, IVCN,  96,   0N,    0W,  47,    0,   ,   0,    ,    0,    0,    0,    0, 
EP, 95, 2024073018, 03, IVCN, 108,   0N,    0W,  47,    0,   ,   0,    ,    0,    0,    0,    0, 
EP, 95, 2024073018, 03, IVCN, 120,   0N,    0W,  48,    0,   ,   0,    ,    0,    0,    0,    0, 
EP, 95, 2024073018, 03, IVCN, 132,   0N,    0W,  48,    0,   ,   0,    ,    0,    0,    0,    0, 
EP, 95, 2024073018, 03, IVCN, 144,   0N,    0W,  47,    0,   ,   0,    ,    0,    0,    0,    0, 
EP, 95, 2024073018, 03, IVCN, 156,   0N,    0W,  46,    0,   ,   0,    ,    0,    0,    0,    0, 
EP, 95, 2024073018, 03, IVCN, 168,   0N,    0W,  45,    0,   ,   0,    ,    0,    0,    0,    0, 
EP, 95, 2024073018, 03, LGEM,   0, 127N, 1215W,  25,    0, TD,   0,    ,    0,    0,    0,    0, 
EP, 95, 2024073018, 03, LGEM,  12, 131N, 1225W,  28,    0, TD,   0,    ,    0,    0,    0,    0, 
EP, 95, 2024073018, 03, LGEM,  24, 135N, 1235W,  31,    0, TD,   0,    ,    0,    0,    0,    0, 
EP, 95, 2024073018, 03, LGEM,  36, 137N, 1245W,  33,    0, TD,   0,    ,    0,    0,    0,    0, 
EP, 95, 2024073018, 03, LGEM,  48, 137N, 1255W,  34,    0, TS,   0,    ,    0,    0,    0,    0, 
EP, 95, 2024073018, 03, LGEM,  60, 136N, 1265W,  35,    0, TS,   0,    ,    0,    0,    0,    0, 
EP, 95, 2024073018, 03, LGEM,  72, 131N, 1277W,  36,    0, TS,   0,    ,    0,    0,    0,    0, 
EP, 95, 2024073018, 03, LGEM,  84, 124N, 1287W,  38,    0, TS,   0,    ,    0,    0,    0,    0, 
EP, 95, 2024073018, 03, LGEM,  96, 118N, 1295W,  39,    0, TS,   0,    ,    0,    0,    0,    0, 
EP, 95, 2024073018, 03, LGEM, 108, 118N, 1298W,  40,    0, TS,   0,    ,    0,    0,    0,    0, 
EP, 95, 2024073018, 03, LGEM, 120, 122N, 1293W,  41,    0, TS,   0,    ,    0,    0,    0,    0, 
EP, 95, 2024073018, 03, LGEM, 132, 130N, 1275W,  41,    0, TS,   0,    ,    0,    0,    0,    0, 
EP, 95, 2024073018, 03, LGEM, 144, 141N, 1244W,  40,    0, TS,   0,    ,    0,    0,    0,    0, 
EP, 95, 2024073018, 03, LGEM, 156, 157N, 1212W,  38,    0, TS,   0,    ,    0,    0,    0,    0, 
EP, 95, 2024073018, 03, LGEM, 168, 171N, 1194W,  36,    0, TS,   0,    ,    0,    0,    0,    0, 
EP, 95, 2024073018, 03, NNIB,   0, 127N, 1216W,  25,    0, TD,   0,    ,    0,    0,    0,    0, 
EP, 95, 2024073018, 03, NNIB,  12, 130N, 1220W,  29,    0, TD,   0,    ,    0,    0,    0,    0, 
EP, 95, 2024073018, 03, NNIB,  24, 131N, 1225W,  32,    0, TD,   0,    ,    0,    0,    0,    0, 
EP, 95, 2024073018, 03, NNIB,  36, 133N, 1230W,  35,    0, TS,   0,    ,    0,    0,    0,    0, 
EP, 95, 2024073018, 03, NNIB,  48, 135N, 1235W,  38,    0, TS,   0,    ,    0,    0,    0,    0, 
EP, 95, 2024073018, 03, NNIB,  60, 136N, 1240W,  41,    0, TS,   0,    ,    0,    0,    0,    0, 
EP, 95, 2024073018, 03, NNIB,  72, 137N, 1245W,  43,    0, TS,   0,    ,    0,    0,    0,    0, 
EP, 95, 2024073018, 03, NNIB,  84, 137N, 1250W,  46,    0, TS,   0,    ,    0,    0,    0,    0, 
EP, 95, 2024073018, 03, NNIB,  96, 137N, 1255W,  47,    0, TS,   0,    ,    0,    0,    0,    0, 
EP, 95, 2024073018, 03, NNIB, 108, 137N, 1261W,  47,    0, TS,   0,    ,    0,    0,    0,    0, 
EP, 95, 2024073018, 03, NNIB, 120, 136N, 1266W,  48,    0, TS,   0,    ,    0,    0,    0,    0, 
EP, 95, 2024073018, 03, NNIB, 132, 134N, 1272W,  48,    0, TS,   0,    ,    0,    0,    0,    0, 
EP, 95, 2024073018, 03, NNIB, 144, 131N, 1277W,  47,    0, TS,   0,    ,    0,    0,    0,    0, 
EP, 95, 2024073018, 03, NNIB, 156, 127N, 1282W,  46,    0, TS,   0,    ,    0,    0,    0,    0, 
EP, 95, 2024073018, 03, NNIB, 168, 124N, 1287W,  45,    0, TS,   0,    ,    0,    0,    0,    0, 
EP, 95, 2024073018, 03, NNIC,   0, 127N, 1216W,  25,    0, TD,   0,    ,    0,    0,    0,    0, 
EP, 95, 2024073018, 03, NNIC,  12, 130N, 1220W,  32,    0, TD,   0,    ,    0,    0,    0,    0, 
EP, 95, 2024073018, 03, NNIC,  24, 131N, 1225W,  35,    0, TS,   0,    ,    0,    0,    0,    0, 
EP, 95, 2024073018, 03, NNIC,  36, 133N, 1230W,  37,    0, TS,   0,    ,    0,    0,    0,    0, 
EP, 95, 2024073018, 03, NNIC,  48, 135N, 1235W,  40,    0, TS,   0,    ,    0,    0,    0,    0, 
EP, 95, 2024073018, 03, NNIC,  60, 136N, 1240W,  43,    0, TS,   0,    ,    0,    0,    0,    0, 
EP, 95, 2024073018, 03, NNIC,  72, 137N, 1245W,  44,    0, TS,   0,    ,    0,    0,    0,    0, 
EP, 95, 2024073018, 03, NNIC,  84, 137N, 1250W,  46,    0, TS,   0,    ,    0,    0,    0,    0, 
EP, 95, 2024073018, 03, NNIC,  96, 137N, 1255W,  46,    0, TS,   0,    ,    0,    0,    0,    0, 
EP, 95, 2024073018, 03, NNIC, 108, 137N, 1261W,  45,    0, TS,   0,    ,    0,    0,    0,    0, 
EP, 95, 2024073018, 03, NNIC, 120, 136N, 1266W,  49,    0, TS,   0,    ,    0,    0,    0,    0, 
EP, 95, 2024073018, 03, NNIC, 132, 134N, 1272W,  48,    0, TS,   0,    ,    0,    0,    0,    0, 
EP, 95, 2024073018, 03, NNIC, 144, 131N, 1277W,  41,    0, TS,   0,    ,    0,    0,    0,    0, 
EP, 95, 2024073018, 03, NNIC, 156, 127N, 1282W,  59,    0, TS,   0,    ,    0,    0,    0,    0, 
EP, 95, 2024073018, 03, NNIC, 168, 124N, 1287W,  87,    0, HU,   0,    ,    0,    0,    0,    0, 
EP, 95, 2024073018, 03, OCD5,   0, 127N, 1216W,  25,    0,   ,   0,    ,    0,    0,    0,    0, 
EP, 95, 2024073018, 03, OCD5,  12, 132N, 1224W,  33,    0,   ,   0,    ,    0,    0,    0,    0, 
EP, 95, 2024073018, 03, OCD5,  24, 138N, 1234W,  37,    0,   ,   0,    ,    0,    0,    0,    0, 
EP, 95, 2024073018, 03, OCD5,  36, 143N, 1245W,  42,    0,   ,   0,    ,    0,    0,    0,    0, 
EP, 95, 2024073018, 03, OCD5,  48, 149N, 1258W,  45,    0,   ,   0,    ,    0,    0,    0,    0, 
EP, 95, 2024073018, 03, OCD5,  60, 154N, 1270W,  54,    0,   ,   0,    ,    0,    0,    0,    0, 
EP, 95, 2024073018, 03, OCD5,  72, 159N, 1283W,  55,    0,   ,   0,    ,    0,    0,    0,    0, 
EP, 95, 2024073018, 03, OCD5,  84, 164N, 1298W,  54,    0,   ,   0,    ,    0,    0,    0,    0, 
EP, 95, 2024073018, 03, OCD5,  96, 169N, 1314W,  52,    0,   ,   0,    ,    0,    0,    0,    0, 
EP, 95, 2024073018, 03, OCD5, 108, 173N, 1327W,  50,    0,   ,   0,    ,    0,    0,    0,    0, 
EP, 95, 2024073018, 03, OCD5, 120, 177N, 1342W,  53,    0,   ,   0,    ,    0,    0,    0,    0, 
EP, 95, 2024073018, 03, SHF5,   0,   0N,    0W,  25,    0,   ,   0,    ,    0,    0,    0,    0, 
EP, 95, 2024073018, 03, SHF5,  12,   0N,    0W,  33,    0,   ,   0,    ,    0,    0,    0,    0, 
EP, 95, 2024073018, 03, SHF5,  24,   0N,    0W,  37,    0,   ,   0,    ,    0,    0,    0,    0, 
EP, 95, 2024073018, 03, SHF5,  36,   0N,    0W,  42,    0,   ,   0,    ,    0,    0,    0,    0, 
EP, 95, 2024073018, 03, SHF5,  48,   0N,    0W,  45,    0,   ,   0,    ,    0,    0,    0,    0, 
EP, 95, 2024073018, 03, SHF5,  60,   0N,    0W,  54,    0,   ,   0,    ,    0,    0,    0,    0, 
EP, 95, 2024073018, 03, SHF5,  72,   0N,    0W,  55,    0,   ,   0,    ,    0,    0,    0,    0, 
EP, 95, 2024073018, 03, SHF5,  84,   0N,    0W,  54,    0,   ,   0,    ,    0,    0,    0,    0, 
EP, 95, 2024073018, 03, SHF5,  96,   0N,    0W,  52,    0,   ,   0,    ,    0,    0,    0,    0, 
EP, 95, 2024073018, 03, SHF5, 108,   0N,    0W,  50,    0,   ,   0,    ,    0,    0,    0,    0, 
EP, 95, 2024073018, 03, SHF5, 120,   0N,    0W,  53,    0,   ,   0,    ,    0,    0,    0,    0, 
EP, 95, 2024073018, 03, SHIP,   0, 127N, 1215W,  25,    0, TD,   0,    ,    0,    0,    0,    0, 
EP, 95, 2024073018, 03, SHIP,  12, 131N, 1225W,  29,    0, TD,   0,    ,    0,    0,    0,    0, 
EP, 95, 2024073018, 03, SHIP,  24, 135N, 1235W,  32,    0, TD,   0,    ,    0,    0,    0,    0, 
EP, 95, 2024073018, 03, SHIP,  36, 137N, 1245W,  36,    0, TS,   0,    ,    0,    0,    0,    0, 
EP, 95, 2024073018, 03, SHIP,  48, 137N, 1255W,  42,    0, TS,   0,    ,    0,    0,    0,    0, 
EP, 95, 2024073018, 03, SHIP,  60, 136N, 1265W,  47,    0, TS,   0,    ,    0,    0,    0,    0, 
EP, 95, 2024073018, 03, SHIP,  72, 131N, 1277W,  50,    0, TS,   0,    ,    0,    0,    0,    0, 
EP, 95, 2024073018, 03, SHIP,  84, 124N, 1287W,  53,    0, TS,   0,    ,    0,    0,    0,    0, 
EP, 95, 2024073018, 03, SHIP,  96, 118N, 1295W,  55,    0, TS,   0,    ,    0,    0,    0,    0, 
EP, 95, 2024073018, 03, SHIP, 108, 118N, 1298W,  54,    0, TS,   0,    ,    0,    0,    0,    0, 
EP, 95, 2024073018, 03, SHIP, 120, 122N, 1293W,  55,    0, TS,   0,    ,    0,    0,    0,    0, 
EP, 95, 2024073018, 03, SHIP, 132, 130N, 1275W,  54,    0, TS,   0,    ,    0,    0,    0,    0, 
EP, 95, 2024073018, 03, SHIP, 144, 141N, 1244W,  54,    0, TS,   0,    ,    0,    0,    0,    0, 
EP, 95, 2024073018, 03, SHIP, 156, 157N, 1212W,  53,    0, TS,   0,    ,    0,    0,    0,    0, 
EP, 95, 2024073018, 03, SHIP, 168, 171N, 1194W,  54,    0, TS,   0,    ,    0,    0,    0,    0, 
EP, 95, 2024073018, 03, TABD,   0, 127N, 1216W,   0,    0,   ,   0,    ,    0,    0,    0,    0, 
EP, 95, 2024073018, 03, TABD,   6, 130N, 1220W,   0,    0,   ,   0,    ,    0,    0,    0,    0, 
EP, 95, 2024073018, 03, TABD,  12, 132N, 1226W,   0,    0,   ,   0,    ,    0,    0,    0,    0, 
EP, 95, 2024073018, 03, TABD,  18, 134N, 1231W,   0,    0,   ,   0,    ,    0,    0,    0,    0, 
EP, 95, 2024073018, 03, TABD,  24, 136N, 1238W,   0,    0,   ,   0,    ,    0,    0,    0,    0, 
EP, 95, 2024073018, 03, TABD,  30, 138N, 1244W,   0,    0,   ,   0,    ,    0,    0,    0,    0, 
EP, 95, 2024073018, 03, TABD,  36, 139N, 1251W,   0,    0,   ,   0,    ,    0,    0,    0,    0, 
EP, 95, 2024073018, 03, TABD,  42, 139N, 1259W,   0,    0,   ,   0,    ,    0,    0,    0,    0, 
EP, 95, 2024073018, 03, TABD,  48, 140N, 1267W,   0,    0,   ,   0,    ,    0,    0,    0,    0, 
EP, 95, 2024073018, 03, TABD,  54, 139N, 1276W,   0,    0,   ,   0,    ,    0,    0,    0,    0, 
EP, 95, 2024073018, 03, TABD,  60, 138N, 1285W,   0,    0,   ,   0,    ,    0,    0,    0,    0, 
EP, 95, 2024073018, 03, TABD,  66, 136N, 1294W,   0,    0,   ,   0,    ,    0,    0,    0,    0, 
EP, 95, 2024073018, 03, TABD,  72, 133N, 1305W,   0,    0,   ,   0,    ,    0,    0,    0,    0, 
EP, 95, 2024073018, 03, TABD,  78, 129N, 1316W,   0,    0,   ,   0,    ,    0,    0,    0,    0, 
EP, 95, 2024073018, 03, TABD,  84, 125N, 1327W,   0,    0,   ,   0,    ,    0,    0,    0,    0, 
EP, 95, 2024073018, 03, TABD,  90, 120N, 1339W,   0,    0,   ,   0,    ,    0,    0,    0,    0, 
EP, 95, 2024073018, 03, TABD,  96, 115N, 1351W,   0,    0,   ,   0,    ,    0,    0,    0,    0, 
EP, 95, 2024073018, 03, TABD, 102, 110N, 1362W,   0,    0,   ,   0,    ,    0,    0,    0,    0, 
EP, 95, 2024073018, 03, TABD, 108, 106N, 1371W,   0,    0,   ,   0,    ,    0,    0,    0,    0, 
EP, 95, 2024073018, 03, TABD, 114, 102N, 1379W,   0,    0,   ,   0,    ,    0,    0,    0,    0, 
EP, 95, 2024073018, 03, TABD, 120,  99N, 1385W,   0,    0,   ,   0,    ,    0,    0,    0,    0, 
EP, 95, 2024073018, 03, TABD, 126,  98N, 1389W,   0,    0,   ,   0,    ,    0,    0,    0,    0, 
EP, 95, 2024073018, 03, TABD, 132,  97N, 1390W,   0,    0,   ,   0,    ,    0,    0,    0,    0, 
EP, 95, 2024073018, 03, TABD, 138,  97N, 1390W,   0,    0,   ,   0,    ,    0,    0,    0,    0, 
EP, 95, 2024073018, 03, TABD, 144,  99N, 1388W,   0,    0,   ,   0,    ,    0,    0,    0,    0, 
EP, 95, 2024073018, 03, TABD, 150, 101N, 1385W,   0,    0,   ,   0,    ,    0,    0,    0,    0, 
EP, 95, 2024073018, 03, TABD, 156, 103N, 1381W,   0,    0,   ,   0,    ,    0,    0,    0,    0, 
EP, 95, 2024073018, 03, TABD, 162, 104N, 1377W,   0,    0,   ,   0,    ,    0,    0,    0,    0, 
EP, 95, 2024073018, 03, TABD, 168, 105N, 1373W,   0,    0,   ,   0,    ,    0,    0,    0,    0, 
EP, 95, 2024073018, 03, TABM,   0, 127N, 1216W,   0,    0,   ,   0,    ,    0,    0,    0,    0, 
EP, 95, 2024073018, 03, TABM,   6, 130N, 1220W,   0,    0,   ,   0,    ,    0,    0,    0,    0, 
EP, 95, 2024073018, 03, TABM,  12, 131N, 1225W,   0,    0,   ,   0,    ,    0,    0,    0,    0, 
EP, 95, 2024073018, 03, TABM,  18, 133N, 1230W,   0,    0,   ,   0,    ,    0,    0,    0,    0, 
EP, 95, 2024073018, 03, TABM,  24, 135N, 1235W,   0,    0,   ,   0,    ,    0,    0,    0,    0, 
EP, 95, 2024073018, 03, TABM,  30, 136N, 1240W,   0,    0,   ,   0,    ,    0,    0,    0,    0, 
EP, 95, 2024073018, 03, TABM,  36, 137N, 1245W,   0,    0,   ,   0,    ,    0,    0,    0,    0, 
EP, 95, 2024073018, 03, TABM,  42, 137N, 1250W,   0,    0,   ,   0,    ,    0,    0,    0,    0, 
EP, 95, 2024073018, 03, TABM,  48, 137N, 1255W,   0,    0,   ,   0,    ,    0,    0,    0,    0, 
EP, 95, 2024073018, 03, TABM,  54, 137N, 1261W,   0,    0,   ,   0,    ,    0,    0,    0,    0, 
EP, 95, 2024073018, 03, TABM,  60, 136N, 1266W,   0,    0,   ,   0,    ,    0,    0,    0,    0, 
EP, 95, 2024073018, 03, TABM,  66, 134N, 1272W,   0,    0,   ,   0,    ,    0,    0,    0,    0, 
EP, 95, 2024073018, 03, TABM,  72, 131N, 1277W,   0,    0,   ,   0,    ,    0,    0,    0,    0, 
EP, 95, 2024073018, 03, TABM,  78, 127N, 1282W,   0,    0,   ,   0,    ,    0,    0,    0,    0, 
EP, 95, 2024073018, 03, TABM,  84, 124N, 1287W,   0,    0,   ,   0,    ,    0,    0,    0,    0, 
EP, 95, 2024073018, 03, TABM,  90, 120N, 1291W,   0,    0,   ,   0,    ,    0,    0,    0,    0, 
EP, 95, 2024073018, 03, TABM,  96, 118N, 1295W,   0,    0,   ,   0,    ,    0,    0,    0,    0, 
EP, 95, 2024073018, 03, TABM, 102, 118N, 1298W,   0,    0,   ,   0,    ,    0,    0,    0,    0, 
EP, 95, 2024073018, 03, TABM, 108, 118N, 1298W,   0,    0,   ,   0,    ,    0,    0,    0,    0, 
EP, 95, 2024073018, 03, TABM, 114, 120N, 1297W,   0,    0,   ,   0,    ,    0,    0,    0,    0, 
EP, 95, 2024073018, 03, TABM, 120, 122N, 1293W,   0,    0,   ,   0,    ,    0,    0,    0,    0, 
EP, 95, 2024073018, 03, TABM, 126, 126N, 1286W,   0,    0,   ,   0,    ,    0,    0,    0,    0, 
EP, 95, 2024073018, 03, TABM, 132, 130N, 1276W,   0,    0,   ,   0,    ,    0,    0,    0,    0, 
EP, 95, 2024073018, 03, TABM, 138, 135N, 1261W,   0,    0,   ,   0,    ,    0,    0,    0,    0, 
EP, 95, 2024073018, 03, TABM, 144, 141N, 1244W,   0,    0,   ,   0,    ,    0,    0,    0,    0, 
EP, 95, 2024073018, 03, TABM, 150, 149N, 1227W,   0,    0,   ,   0,    ,    0,    0,    0,    0, 
EP, 95, 2024073018, 03, TABM, 156, 157N, 1212W,   0,    0,   ,   0,    ,    0,    0,    0,    0, 
EP, 95, 2024073018, 03, TABM, 162, 165N, 1201W,   0,    0,   ,   0,    ,    0,    0,    0,    0, 
EP, 95, 2024073018, 03, TABM, 168, 171N, 1194W,   0,    0,   ,   0,    ,    0,    0,    0,    0, 
EP, 95, 2024073018, 03, TABS,   0, 127N, 1216W,   0,    0,   ,   0,    ,    0,    0,    0,    0, 
EP, 95, 2024073018, 03, TABS,   6, 129N, 1219W,   0,    0,   ,   0,    ,    0,    0,    0,    0, 
EP, 95, 2024073018, 03, TABS,  12, 131N, 1222W,   0,    0,   ,   0,    ,    0,    0,    0,    0, 
EP, 95, 2024073018, 03, TABS,  18, 132N, 1225W,   0,    0,   ,   0,    ,    0,    0,    0,    0, 
EP, 95, 2024073018, 03, TABS,  24, 133N, 1227W,   0,    0,   ,   0,    ,    0,    0,    0,    0, 
EP, 95, 2024073018, 03, TABS,  30, 134N, 1229W,   0,    0,   ,   0,    ,    0,    0,    0,    0, 
EP, 95, 2024073018, 03, TABS,  36, 135N, 1232W,   0,    0,   ,   0,    ,    0,    0,    0,    0, 
EP, 95, 2024073018, 03, TABS,  42, 135N, 1234W,   0,    0,   ,   0,    ,    0,    0,    0,    0, 
EP, 95, 2024073018, 03, TABS,  48, 136N, 1237W,   0,    0,   ,   0,    ,    0,    0,    0,    0, 
EP, 95, 2024073018, 03, TABS,  54, 136N, 1240W,   0,    0,   ,   0,    ,    0,    0,    0,    0, 
EP, 95, 2024073018, 03, TABS,  60, 136N, 1242W,   0,    0,   ,   0,    ,    0,    0,    0,    0, 
EP, 95, 2024073018, 03, TABS,  66, 134N, 1245W,   0,    0,   ,   0,    ,    0,    0,    0,    0, 
EP, 95, 2024073018, 03, TABS,  72, 132N, 1248W,   0,    0,   ,   0,    ,    0,    0,    0,    0, 
EP, 95, 2024073018, 03, TABS,  78, 129N, 1251W,   0,    0,   ,   0,    ,    0,    0,    0,    0, 
EP, 95, 2024073018, 03, TABS,  84, 126N, 1253W,   0,    0,   ,   0,    ,    0,    0,    0,    0, 
EP, 95, 2024073018, 03, TABS,  90, 125N, 1254W,   0,    0,   ,   0,    ,    0,    0,    0,    0, 
EP, 95, 2024073018, 03, TABS,  96, 125N, 1252W,   0,    0,   ,   0,    ,    0,    0,    0,    0, 
EP, 95, 2024073018, 03, TABS, 102, 126N, 1246W,   0,    0,   ,   0,    ,    0,    0,    0,    0, 
EP, 95, 2024073018, 03, TABS, 108, 127N, 1235W,   0,    0,   ,   0,    ,    0,    0,    0,    0, 
EP, 95, 2024073018, 03, TABS, 114, 132N, 1222W,   0,    0,   ,   0,    ,    0,    0,    0,    0, 
EP, 95, 2024073018, 03, TABS, 120, 141N, 1205W,   0,    0,   ,   0,    ,    0,    0,    0,    0, 
EP, 95, 2024073018, 03, TABS, 126, 151N, 1188W,   0,    0,   ,   0,    ,    0,    0,    0,    0, 
EP, 95, 2024073018, 03, TABS, 132, 160N, 1172W,   0,    0,   ,   0,    ,    0,    0,    0,    0, 
EP, 95, 2024073018, 03, TABS, 138, 163N, 1158W,   0,    0,   ,   0,    ,    0,    0,    0,    0, 
EP, 95, 2024073018, 03, TABS, 144, 163N, 1145W,   0,    0,   ,   0,    ,    0,    0,    0,    0, 
EP, 95, 2024073018, 03, TABS, 150, 163N, 1137W,   0,    0,   ,   0,    ,    0,    0,    0,    0, 
EP, 95, 2024073018, 03, TABS, 156, 165N, 1131W,   0,    0,   ,   0,    ,    0,    0,    0,    0, 
EP, 95, 2024073018, 03, TABS, 162, 168N, 1129W,   0,    0,   ,   0,    ,    0,    0,    0,    0, 
EP, 95, 2024073018, 03, TABS, 168, 170N, 1132W,   0,    0,   ,   0,    ,    0,    0,    0,    0, 
EP, 95, 2024073018, 03, TCLP,   0, 127N, 1216W,  25,    0,   ,   0,    ,    0,    0,    0,    0, 
EP, 95, 2024073018, 03, TCLP,  12, 132N, 1224W,  29,    0,   ,   0,    ,    0,    0,    0,    0, 
EP, 95, 2024073018, 03, TCLP,  24, 136N, 1234W,  32,    0,   ,   0,    ,    0,    0,    0,    0, 
EP, 95, 2024073018, 03, TCLP,  36, 141N, 1246W,  34,    0,   ,   0,    ,    0,    0,    0,    0, 
EP, 95, 2024073018, 03, TCLP,  48, 146N, 1259W,  36,    0,   ,   0,    ,    0,    0,    0,    0, 
EP, 95, 2024073018, 03, TCLP,  60, 151N, 1273W,  38,    0,   ,   0,    ,    0,    0,    0,    0, 
EP, 95, 2024073018, 03, TCLP,  72, 155N, 1289W,  39,    0,   ,   0,    ,    0,    0,    0,    0, 
EP, 95, 2024073018, 03, TCLP,  84, 160N, 1305W,  40,    0,   ,   0,    ,    0,    0,    0,    0, 
EP, 95, 2024073018, 03, TCLP,  96, 164N, 1322W,  41,    0,   ,   0,    ,    0,    0,    0,    0, 
EP, 95, 2024073018, 03, TCLP, 108, 169N, 1339W,  41,    0,   ,   0,    ,    0,    0,    0,    0, 
EP, 95, 2024073018, 03, TCLP, 120, 173N, 1357W,  41,    0,   ,   0,    ,    0,    0,    0,    0, 
EP, 95, 2024073018, 03, TCLP, 132, 177N, 1375W,  41,    0,   ,   0,    ,    0,    0,    0,    0, 
EP, 95, 2024073018, 03, TCLP, 144, 181N, 1394W,  41,    0,   ,   0,    ,    0,    0,    0,    0, 
EP, 95, 2024073018, 03, TCLP, 156, 185N, 1413W,  41,    0,   ,   0,    ,    0,    0,    0,    0, 
EP, 95, 2024073018, 03, TCLP, 168, 188N, 1433W,  40,    0,   ,   0,    ,    0,    0,    0,    0, 
EP, 95, 2024073018, 03, TCLP, 180, 192N, 1453W,  40,    0,   ,   0,    ,    0,    0,    0,    0, 
EP, 95, 2024073018, 03, TCLP, 192, 196N, 1473W,  40,    0,   ,   0,    ,    0,    0,    0,    0, 
EP, 95, 2024073018, 03, TCLP, 204, 199N, 1493W,  39,    0,   ,   0,    ,    0,    0,    0,    0, 
EP, 95, 2024073018, 03, TCLP, 216, 203N, 1513W,  39,    0,   ,   0,    ,    0,    0,    0,    0, 
EP, 95, 2024073018, 03, TCLP, 228, 207N, 1533W,  39,    0,   ,   0,    ,    0,    0,    0,    0, 
EP, 95, 2024073018, 03, TCLP, 240, 210N, 1553W,  38,    0,   ,   0,    ,    0,    0,    0,    0, 
EP, 95, 2024073018, 03, XTRP,   0, 127N, 1216W,   0,    0,   ,   0,    ,    0,    0,    0,    0, 
EP, 95, 2024073018, 03, XTRP,  12, 133N, 1218W,   0,    0,   ,   0,    ,    0,    0,    0,    0, 
EP, 95, 2024073018, 03, XTRP,  24, 139N, 1221W,   0,    0,   ,   0,    ,    0,    0,    0,    0, 
EP, 95, 2024073018, 03, XTRP,  36, 145N, 1224W,   0,    0,   ,   0,    ,    0,    0,    0,    0, 
EP, 95, 2024073018, 03, XTRP,  48, 151N, 1227W,   0,    0,   ,   0,    ,    0,    0,    0,    0, 
EP, 95, 2024073018, 03, XTRP,  60, 157N, 1230W,   0,    0,   ,   0,    ,    0,    0,    0,    0, 
EP, 95, 2024073018, 03, XTRP,  72, 163N, 1233W,   0,    0,   ,   0,    ,    0,    0,    0,    0, 
EP, 95, 2024073018, 03, XTRP,  84, 169N, 1236W,   0,    0,   ,   0,    ,    0,    0,    0,    0, 
EP, 95, 2024073018, 03, XTRP,  96, 175N, 1239W,   0,    0,   ,   0,    ,    0,    0,    0,    0, 
EP, 95, 2024073018, 03, XTRP, 108, 181N, 1242W,   0,    0,   ,   0,    ,    0,    0,    0,    0, 
EP, 95, 2024073018, 03, XTRP, 120, 187N, 1245W,   0,    0,   ,   0,    ,    0,    0,    0,    0, 
EP, 95, 2024073018, 03, XTRP, 132, 193N, 1249W,   0,    0,   ,   0,    ,    0,    0,    0,    0, 
EP, 95, 2024073018, 03, XTRP, 144, 199N, 1252W,   0,    0,   ,   0,    ,    0,    0,    0,    0, 
EP, 95, 2024073018, 03, XTRP, 156, 205N, 1255W,   0,    0,   ,   0,    ,    0,    0,    0,    0, 
EP, 95, 2024073018, 03, XTRP, 168, 211N, 1258W,   0,    0,   ,   0,    ,    0,    0,    0,    0, 
