AL, 94, 2025092306, 01, CARQ, -24, 161N,  515W,  25,    0, DB,  34, AAA,    0,    0,    0,    0,    0,    0,   0,   0,   0,   L,   0,   X,   0,   0,     INVEST,  , 
AL, 94, 2025092306, 01, CARQ, -18, 163N,  552W,  25,    0, DB,  34, AAA,    0,    0,    0,    0,    0,    0,   0,   0,   0,   L,   0,   X,   0,   0,     INVEST,  , 
AL, 94, 2025092306, 01, CARQ, -12, 169N,  570W,  25,    0, DB,  34, AAA,    0,    0,    0,    0,    0,    0,   0,   0,   0,   L,   0,   X, 282,  20,     INVEST,  , 
AL, 94, 2025092306, 01, CARQ,  -6, 171N,  592W,  25,    0, DB,  34, AAA,    0,    0,    0,    0,    0,    0,   0,   0,   0,   L,   0,   X,   0,   0,     INVEST,  , 
AL, 94, 2025092306, 01, CARQ,   0, 172N,  607W,  25, 1010, DB,  34, NEQ,    0,    0,    0,    0, 1012,  180, 150,   0,   0,   L,   0,   X, 280,  18,     INVEST, S, 
AL, 94, 2025092306, 01, CARQ,   0, 172N,  607W,  25, 1010, DB,  50, NEQ,    0,    0,    0,    0, 1012,  180, 150,   0,   0,   L,   0,   X, 280,  18,     INVEST, S, 
AL, 94, 2025092306, 01, CARQ,   0, 172N,  607W,  25, 1010, DB,  64, NEQ,    0,    0,    0,    0, 1012,  180, 150,   0,   0,   L,   0,   X, 280,  18,     INVEST, S, 
AL, 94, 2025092306, 03, CLP5,  12, 179N,  640W,   0,    0,   ,   0,    ,    0,    0,    0,    0, 
AL, 94, 2025092306, 03, CLP5,  24, 187N,  669W,   0,    0,   ,   0,    ,    0,    0,    0,    0, 
AL, 94, 2025092306, 03, CLP5,  36, 195N,  693W,   0,    0,   ,   0,    ,    0,    0,    0,    0, 
AL, 94, 2025092306, 03, CLP5,  48, 204N,  714W,   0,    0,   ,   0,    ,    0,    0,    0,    0, 
AL, 94, 2025092306, 03, CLP5,  60, 214N,  729W,   0,    0,   ,   0,    ,    0,    0,    0,    0, 
AL, 94, 2025092306, 03, CLP5,  72, 224N,  741W,   0,    0,   ,   0,    ,    0,    0,    0,    0, 
AL, 94, 2025092306, 03, CLP5,  84, 234N,  750W,   0,    0,   ,   0,    ,    0,    0,    0,    0, 
AL, 94, 2025092306, 03, CLP5,  96, 244N,  759W,   0,    0,   ,   0,    ,    0,    0,    0,    0, 
AL, 94, 2025092306, 03, CLP5, 108, 254N,  762W,   0,    0,   ,   0,    ,    0,    0,    0,    0, 
AL, 94, 2025092306, 03, CLP5, 120, 265N,  763W,   0,    0,   ,   0,    ,    0,    0,    0,    0, 
AL, 94, 2025092306, 03, CTCX,   0, 164N,  604W,  21, 1011, XX,  34, NEQ,    0,    0,    0,    0,    0,    0,  89,   0,   0, 
AL, 94, 2025092306, 03, DSHP,   0, 172N,  606W,  25,    0, TD,   0,    ,    0,    0,    0,    0, 
AL, 94, 2025092306, 03, DSHP,  12, 174N,  636W,  25,    0, TD,   0,    ,    0,    0,    0,    0, 
AL, 94, 2025092306, 03, DSHP,  24, 172N,  661W,  27,    0, TD,   0,    ,    0,    0,    0,    0, 
AL, 94, 2025092306, 03, DSHP,  36, 172N,  683W,  29,    0, TD,   0,    ,    0,    0,    0,    0, 
AL, 94, 2025092306, 03, DSHP,  48, 172N,  700W,  36,    0, TS,   0,    ,    0,    0,    0,    0, 
AL, 94, 2025092306, 03, DSHP,  60, 170N,  711W,  42,    0, TS,   0,    ,    0,    0,    0,    0, 
AL, 94, 2025092306, 03, DSHP,  72, 168N,  721W,  46,    0, TS,   0,    ,    0,    0,    0,    0, 
AL, 94, 2025092306, 03, DSHP,  84, 170N,  731W,  52,    0, TS,   0,    ,    0,    0,    0,    0, 
AL, 94, 2025092306, 03, DSHP,  96, 172N,  736W,  58,    0, TS,   0,    ,    0,    0,    0,    0, 
AL, 94, 2025092306, 03, DSHP, 108, 175N,  745W,  65,    0, HU,   0,    ,    0,    0,    0,    0, 
AL, 94, 2025092306, 03, DSHP, 120, 180N,  755W,  71,    0, HU,   0,    ,    0,    0,    0,    0, 
AL, 94, 2025092306, 03, DSHP, 132, 189N,  765W,  74,    0, HU,   0,    ,    0,    0,    0,    0, 
AL, 94, 2025092306, 03, DSHP, 144, 196N,  772W,  71,    0, HU,   0,    ,    0,    0,    0,    0, 
AL, 94, 2025092306, 03, DSHP, 156, 204N,  780W,  69,    0, HU,   0,    ,    0,    0,    0,    0, 
AL, 94, 2025092306, 03, DSHP, 168, 207N,  786W,  67,    0, HU,   0,    ,    0,    0,    0,    0, 
AL, 94, 2025092306, 03, GDMN,   0, 172N,  607W,  25, 1010, XX,  34, NEQ,    0,    0,    0,    0,    0,    0, 150,   0,   0, 
AL, 94, 2025092306, 03, HCCA,   0, 172N,  607W,  25,    0,   ,   0,    ,    0,    0,    0,    0, 
AL, 94, 2025092306, 03, IVCN,   0,   0N,    0W,  25,    0,   ,   0,    ,    0,    0,    0,    0, 
AL, 94, 2025092306, 03, IVCN,  12,   0N,    0W,  25,    0,   ,   0,    ,    0,    0,    0,    0, 
AL, 94, 2025092306, 03, IVCN,  24,   0N,    0W,  27,    0,   ,   0,    ,    0,    0,    0,    0, 
AL, 94, 2025092306, 03, IVCN,  36,   0N,    0W,  28,    0,   ,   0,    ,    0,    0,    0,    0, 
AL, 94, 2025092306, 03, IVCN,  48,   0N,    0W,  32,    0,   ,   0,    ,    0,    0,    0,    0, 
AL, 94, 2025092306, 03, IVCN,  60,   0N,    0W,  35,    0,   ,   0,    ,    0,    0,    0,    0, 
AL, 94, 2025092306, 03, IVCN,  72,   0N,    0W,  37,    0,   ,   0,    ,    0,    0,    0,    0, 
AL, 94, 2025092306, 03, IVCN,  84,   0N,    0W,  40,    0,   ,   0,    ,    0,    0,    0,    0, 
AL, 94, 2025092306, 03, IVCN,  96,   0N,    0W,  45,    0,   ,   0,    ,    0,    0,    0,    0, 
AL, 94, 2025092306, 03, IVCN, 108,   0N,    0W,  50,    0,   ,   0,    ,    0,    0,    0,    0, 
AL, 94, 2025092306, 03, IVCN, 120,   0N,    0W,  55,    0,   ,   0,    ,    0,    0,    0,    0, 
AL, 94, 2025092306, 03, IVCN, 132,   0N,    0W,  59,    0,   ,   0,    ,    0,    0,    0,    0, 
AL, 94, 2025092306, 03, IVCN, 144,   0N,    0W,  60,    0,   ,   0,    ,    0,    0,    0,    0, 
AL, 94, 2025092306, 03, IVCN, 156,   0N,    0W,  60,    0,   ,   0,    ,    0,    0,    0,    0, 
AL, 94, 2025092306, 03, IVCN, 168,   0N,    0W,  59,    0,   ,   0,    ,    0,    0,    0,    0, 
AL, 94, 2025092306, 03, LGEM,   0, 172N,  606W,  25,    0, TD,   0,    ,    0,    0,    0,    0, 
AL, 94, 2025092306, 03, LGEM,  12, 174N,  636W,  25,    0, TD,   0,    ,    0,    0,    0,    0, 
AL, 94, 2025092306, 03, LGEM,  24, 172N,  661W,  26,    0, TD,   0,    ,    0,    0,    0,    0, 
AL, 94, 2025092306, 03, LGEM,  36, 172N,  683W,  26,    0, TD,   0,    ,    0,    0,    0,    0, 
AL, 94, 2025092306, 03, LGEM,  48, 172N,  700W,  27,    0, TD,   0,    ,    0,    0,    0,    0, 
AL, 94, 2025092306, 03, LGEM,  60, 170N,  711W,  27,    0, TD,   0,    ,    0,    0,    0,    0, 
AL, 94, 2025092306, 03, LGEM,  72, 168N,  721W,  27,    0, TD,   0,    ,    0,    0,    0,    0, 
AL, 94, 2025092306, 03, LGEM,  84, 170N,  731W,  28,    0, TD,   0,    ,    0,    0,    0,    0, 
AL, 94, 2025092306, 03, LGEM,  96, 172N,  736W,  31,    0, TD,   0,    ,    0,    0,    0,    0, 
AL, 94, 2025092306, 03, LGEM, 108, 175N,  745W,  34,    0, TS,   0,    ,    0,    0,    0,    0, 
AL, 94, 2025092306, 03, LGEM, 120, 180N,  755W,  38,    0, TS,   0,    ,    0,    0,    0,    0, 
AL, 94, 2025092306, 03, LGEM, 132, 189N,  765W,  43,    0, TS,   0,    ,    0,    0,    0,    0, 
AL, 94, 2025092306, 03, LGEM, 144, 196N,  772W,  48,    0, TS,   0,    ,    0,    0,    0,    0, 
AL, 94, 2025092306, 03, LGEM, 156, 204N,  780W,  50,    0, TS,   0,    ,    0,    0,    0,    0, 
AL, 94, 2025092306, 03, LGEM, 168, 207N,  786W,  51,    0, TS,   0,    ,    0,    0,    0,    0, 
AL, 94, 2025092306, 03, NNIB,   0, 172N,  607W,  25,    0, TD,   0,    ,    0,    0,    0,    0, 
AL, 94, 2025092306, 03, NNIB,  12, 173N,  624W,  25,    0, TD,   0,    ,    0,    0,    0,    0, 
AL, 94, 2025092306, 03, NNIB,  24, 174N,  637W,  27,    0, TD,   0,    ,    0,    0,    0,    0, 
AL, 94, 2025092306, 03, NNIB,  36, 173N,  650W,  28,    0, TD,   0,    ,    0,    0,    0,    0, 
AL, 94, 2025092306, 03, NNIB,  48, 172N,  662W,  32,    0, TD,   0,    ,    0,    0,    0,    0, 
AL, 94, 2025092306, 03, NNIB,  60, 172N,  674W,  35,    0, TS,   0,    ,    0,    0,    0,    0, 
AL, 94, 2025092306, 03, NNIB,  72, 172N,  684W,  37,    0, TS,   0,    ,    0,    0,    0,    0, 
AL, 94, 2025092306, 03, NNIB,  84, 172N,  693W,  40,    0, TS,   0,    ,    0,    0,    0,    0, 
AL, 94, 2025092306, 03, NNIB,  96, 172N,  700W,  45,    0, TS,   0,    ,    0,    0,    0,    0, 
AL, 94, 2025092306, 03, NNIB, 108, 171N,  707W,  50,    0, TS,   0,    ,    0,    0,    0,    0, 
AL, 94, 2025092306, 03, NNIB, 120, 170N,  712W,  55,    0, TS,   0,    ,    0,    0,    0,    0, 
AL, 94, 2025092306, 03, NNIB, 132, 169N,  717W,  59,    0, TS,   0,    ,    0,    0,    0,    0, 
AL, 94, 2025092306, 03, NNIB, 144, 168N,  722W,  60,    0, TS,   0,    ,    0,    0,    0,    0, 
AL, 94, 2025092306, 03, NNIB, 156, 168N,  727W,  60,    0, TS,   0,    ,    0,    0,    0,    0, 
AL, 94, 2025092306, 03, NNIB, 168, 170N,  731W,  59,    0, TS,   0,    ,    0,    0,    0,    0, 
AL, 94, 2025092306, 03, NNIC,   0, 172N,  607W,  25,    0, TD,   0,    ,    0,    0,    0,    0, 
AL, 94, 2025092306, 03, NNIC,  12, 173N,  624W,  27,    0, TD,   0,    ,    0,    0,    0,    0, 
AL, 94, 2025092306, 03, NNIC,  24, 174N,  637W,  28,    0, TD,   0,    ,    0,    0,    0,    0, 
AL, 94, 2025092306, 03, NNIC,  36, 173N,  650W,  31,    0, TD,   0,    ,    0,    0,    0,    0, 
AL, 94, 2025092306, 03, NNIC,  48, 172N,  662W,  36,    0, TS,   0,    ,    0,    0,    0,    0, 
AL, 94, 2025092306, 03, NNIC,  60, 172N,  674W,  39,    0, TS,   0,    ,    0,    0,    0,    0, 
AL, 94, 2025092306, 03, NNIC,  72, 172N,  684W,  39,    0, TS,   0,    ,    0,    0,    0,    0, 
AL, 94, 2025092306, 03, NNIC,  84, 172N,  693W,  37,    0, TS,   0,    ,    0,    0,    0,    0, 
AL, 94, 2025092306, 03, NNIC,  96, 172N,  700W,  46,    0, TS,   0,    ,    0,    0,    0,    0, 
AL, 94, 2025092306, 03, NNIC, 108, 171N,  707W,  47,    0, TS,   0,    ,    0,    0,    0,    0, 
AL, 94, 2025092306, 03, NNIC, 120, 170N,  712W,  62,    0, TS,   0,    ,    0,    0,    0,    0, 
AL, 94, 2025092306, 03, NNIC, 132, 169N,  717W,  78,    0, HU,   0,    ,    0,    0,    0,    0, 
AL, 94, 2025092306, 03, NNIC, 144, 168N,  722W,  68,    0, HU,   0,    ,    0,    0,    0,    0, 
AL, 94, 2025092306, 03, NNIC, 156, 168N,  727W,  84,    0, HU,   0,    ,    0,    0,    0,    0, 
AL, 94, 2025092306, 03, NNIC, 168, 170N,  731W,  93,    0, HU,   0,    ,    0,    0,    0,    0, 
AL, 94, 2025092306, 03, OCD5,   0, 172N,  607W,  25,    0,   ,   0,    ,    0,    0,    0,    0, 
AL, 94, 2025092306, 03, OCD5,  12, 179N,  640W,  28,    0,   ,   0,    ,    0,    0,    0,    0, 
AL, 94, 2025092306, 03, OCD5,  24, 187N,  669W,  33,    0,   ,   0,    ,    0,    0,    0,    0, 
AL, 94, 2025092306, 03, OCD5,  36, 195N,  693W,  40,    0,   ,   0,    ,    0,    0,    0,    0, 
AL, 94, 2025092306, 03, OCD5,  48, 204N,  714W,  45,    0,   ,   0,    ,    0,    0,    0,    0, 
AL, 94, 2025092306, 03, OCD5,  60, 214N,  729W,  53,    0,   ,   0,    ,    0,    0,    0,    0, 
AL, 94, 2025092306, 03, OCD5,  72, 224N,  741W,  57,    0,   ,   0,    ,    0,    0,    0,    0, 
AL, 94, 2025092306, 03, OCD5,  84, 234N,  750W,  60,    0,   ,   0,    ,    0,    0,    0,    0, 
AL, 94, 2025092306, 03, OCD5,  96, 244N,  759W,  65,    0,   ,   0,    ,    0,    0,    0,    0, 
AL, 94, 2025092306, 03, OCD5, 108, 254N,  762W,  70,    0,   ,   0,    ,    0,    0,    0,    0, 
AL, 94, 2025092306, 03, OCD5, 120, 265N,  763W,  82,    0,   ,   0,    ,    0,    0,    0,    0, 
AL, 94, 2025092306, 03, SHF5,   0,   0N,    0W,  25,    0,   ,   0,    ,    0,    0,    0,    0, 
AL, 94, 2025092306, 03, SHF5,  12,   0N,    0W,  28,    0,   ,   0,    ,    0,    0,    0,    0, 
AL, 94, 2025092306, 03, SHF5,  24,   0N,    0W,  33,    0,   ,   0,    ,    0,    0,    0,    0, 
AL, 94, 2025092306, 03, SHF5,  36,   0N,    0W,  40,    0,   ,   0,    ,    0,    0,    0,    0, 
AL, 94, 2025092306, 03, SHF5,  48,   0N,    0W,  45,    0,   ,   0,    ,    0,    0,    0,    0, 
AL, 94, 2025092306, 03, SHF5,  60,   0N,    0W,  53,    0,   ,   0,    ,    0,    0,    0,    0, 
AL, 94, 2025092306, 03, SHF5,  72,   0N,    0W,  57,    0,   ,   0,    ,    0,    0,    0,    0, 
AL, 94, 2025092306, 03, SHF5,  84,   0N,    0W,  60,    0,   ,   0,    ,    0,    0,    0,    0, 
AL, 94, 2025092306, 03, SHF5,  96,   0N,    0W,  65,    0,   ,   0,    ,    0,    0,    0,    0, 
AL, 94, 2025092306, 03, SHF5, 108,   0N,    0W,  70,    0,   ,   0,    ,    0,    0,    0,    0, 
AL, 94, 2025092306, 03, SHF5, 120,   0N,    0W,  82,    0,   ,   0,    ,    0,    0,    0,    0, 
AL, 94, 2025092306, 03, SHIP,   0, 172N,  606W,  25,    0, TD,   0,    ,    0,    0,    0,    0, 
AL, 94, 2025092306, 03, SHIP,  12, 174N,  636W,  25,    0, TD,   0,    ,    0,    0,    0,    0, 
AL, 94, 2025092306, 03, SHIP,  24, 172N,  661W,  27,    0, TD,   0,    ,    0,    0,    0,    0, 
AL, 94, 2025092306, 03, SHIP,  36, 172N,  683W,  29,    0, TD,   0,    ,    0,    0,    0,    0, 
AL, 94, 2025092306, 03, SHIP,  48, 172N,  700W,  36,    0, TS,   0,    ,    0,    0,    0,    0, 
AL, 94, 2025092306, 03, SHIP,  60, 170N,  711W,  42,    0, TS,   0,    ,    0,    0,    0,    0, 
AL, 94, 2025092306, 03, SHIP,  72, 168N,  721W,  46,    0, TS,   0,    ,    0,    0,    0,    0, 
AL, 94, 2025092306, 03, SHIP,  84, 170N,  731W,  52,    0, TS,   0,    ,    0,    0,    0,    0, 
AL, 94, 2025092306, 03, SHIP,  96, 172N,  736W,  58,    0, TS,   0,    ,    0,    0,    0,    0, 
AL, 94, 2025092306, 03, SHIP, 108, 175N,  745W,  65,    0, HU,   0,    ,    0,    0,    0,    0, 
AL, 94, 2025092306, 03, SHIP, 120, 180N,  755W,  71,    0, HU,   0,    ,    0,    0,    0,    0, 
AL, 94, 2025092306, 03, SHIP, 132, 189N,  765W,  74,    0, HU,   0,    ,    0,    0,    0,    0, 
AL, 94, 2025092306, 03, SHIP, 144, 196N,  772W,  71,    0, HU,   0,    ,    0,    0,    0,    0, 
AL, 94, 2025092306, 03, SHIP, 156, 204N,  780W,  71,    0, HU,   0,    ,    0,    0,    0,    0, 
AL, 94, 2025092306, 03, SHIP, 168, 207N,  786W,  69,    0, HU,   0,    ,    0,    0,    0,    0, 
AL, 94, 2025092306, 03, TABD,   0, 172N,  607W,   0,    0,   ,   0,    ,    0,    0,    0,    0, 
AL, 94, 2025092306, 03, TABD,   6, 172N,  622W,   0,    0,   ,   0,    ,    0,    0,    0,    0, 
AL, 94, 2025092306, 03, TABD,  12, 172N,  634W,   0,    0,   ,   0,    ,    0,    0,    0,    0, 
AL, 94, 2025092306, 03, TABD,  18, 171N,  645W,   0,    0,   ,   0,    ,    0,    0,    0,    0, 
AL, 94, 2025092306, 03, TABD,  24, 170N,  654W,   0,    0,   ,   0,    ,    0,    0,    0,    0, 
AL, 94, 2025092306, 03, TABD,  30, 170N,  662W,   0,    0,   ,   0,    ,    0,    0,    0,    0, 
AL, 94, 2025092306, 03, TABD,  36, 171N,  668W,   0,    0,   ,   0,    ,    0,    0,    0,    0, 
AL, 94, 2025092306, 03, TABD,  42, 173N,  673W,   0,    0,   ,   0,    ,    0,    0,    0,    0, 
AL, 94, 2025092306, 03, TABD,  48, 176N,  677W,   0,    0,   ,   0,    ,    0,    0,    0,    0, 
AL, 94, 2025092306, 03, TABD,  54, 178N,  680W,   0,    0,   ,   0,    ,    0,    0,    0,    0, 
AL, 94, 2025092306, 03, TABD,  60, 181N,  682W,   0,    0,   ,   0,    ,    0,    0,    0,    0, 
AL, 94, 2025092306, 03, TABD,  66, 184N,  684W,   0,    0,   ,   0,    ,    0,    0,    0,    0, 
AL, 94, 2025092306, 03, TABD,  72, 187N,  686W,   0,    0,   ,   0,    ,    0,    0,    0,    0, 
AL, 94, 2025092306, 03, TABD,  78, 191N,  689W,   0,    0,   ,   0,    ,    0,    0,    0,    0, 
AL, 94, 2025092306, 03, TABD,  84, 195N,  691W,   0,    0,   ,   0,    ,    0,    0,    0,    0, 
AL, 94, 2025092306, 03, TABD,  90, 200N,  692W,   0,    0,   ,   0,    ,    0,    0,    0,    0, 
AL, 94, 2025092306, 03, TABD,  96, 204N,  694W,   0,    0,   ,   0,    ,    0,    0,    0,    0, 
AL, 94, 2025092306, 03, TABD, 102, 209N,  697W,   0,    0,   ,   0,    ,    0,    0,    0,    0, 
AL, 94, 2025092306, 03, TABD, 108, 215N,  698W,   0,    0,   ,   0,    ,    0,    0,    0,    0, 
AL, 94, 2025092306, 03, TABD, 114, 221N,  700W,   0,    0,   ,   0,    ,    0,    0,    0,    0, 
AL, 94, 2025092306, 03, TABD, 120, 227N,  701W,   0,    0,   ,   0,    ,    0,    0,    0,    0, 
AL, 94, 2025092306, 03, TABD, 126, 235N,  700W,   0,    0,   ,   0,    ,    0,    0,    0,    0, 
AL, 94, 2025092306, 03, TABD, 132, 242N,  698W,   0,    0,   ,   0,    ,    0,    0,    0,    0, 
AL, 94, 2025092306, 03, TABD, 138, 248N,  694W,   0,    0,   ,   0,    ,    0,    0,    0,    0, 
AL, 94, 2025092306, 03, TABD, 144, 253N,  689W,   0,    0,   ,   0,    ,    0,    0,    0,    0, 
AL, 94, 2025092306, 03, TABD, 150, 257N,  682W,   0,    0,   ,   0,    ,    0,    0,    0,    0, 
AL, 94, 2025092306, 03, TABD, 156, 261N,  674W,   0,    0,   ,   0,    ,    0,    0,    0,    0, 
AL, 94, 2025092306, 03, TABD, 162, 263N,  665W,   0,    0,   ,   0,    ,    0,    0,    0,    0, 
AL, 94, 2025092306, 03, TABD, 168, 263N,  657W,   0,    0,   ,   0,    ,    0,    0,    0,    0, 
AL, 94, 2025092306, 03, TABM,   0, 172N,  607W,   0,    0,   ,   0,    ,    0,    0,    0,    0, 
AL, 94, 2025092306, 03, TABM,   6, 173N,  624W,   0,    0,   ,   0,    ,    0,    0,    0,    0, 
AL, 94, 2025092306, 03, TABM,  12, 174N,  637W,   0,    0,   ,   0,    ,    0,    0,    0,    0, 
AL, 94, 2025092306, 03, TABM,  18, 173N,  650W,   0,    0,   ,   0,    ,    0,    0,    0,    0, 
AL, 94, 2025092306, 03, TABM,  24, 172N,  662W,   0,    0,   ,   0,    ,    0,    0,    0,    0, 
AL, 94, 2025092306, 03, TABM,  30, 172N,  674W,   0,    0,   ,   0,    ,    0,    0,    0,    0, 
AL, 94, 2025092306, 03, TABM,  36, 172N,  684W,   0,    0,   ,   0,    ,    0,    0,    0,    0, 
AL, 94, 2025092306, 03, TABM,  42, 172N,  693W,   0,    0,   ,   0,    ,    0,    0,    0,    0, 
AL, 94, 2025092306, 03, TABM,  48, 172N,  700W,   0,    0,   ,   0,    ,    0,    0,    0,    0, 
AL, 94, 2025092306, 03, TABM,  54, 171N,  707W,   0,    0,   ,   0,    ,    0,    0,    0,    0, 
AL, 94, 2025092306, 03, TABM,  60, 170N,  712W,   0,    0,   ,   0,    ,    0,    0,    0,    0, 
AL, 94, 2025092306, 03, TABM,  66, 169N,  717W,   0,    0,   ,   0,    ,    0,    0,    0,    0, 
AL, 94, 2025092306, 03, TABM,  72, 168N,  722W,   0,    0,   ,   0,    ,    0,    0,    0,    0, 
AL, 94, 2025092306, 03, TABM,  78, 168N,  727W,   0,    0,   ,   0,    ,    0,    0,    0,    0, 
AL, 94, 2025092306, 03, TABM,  84, 170N,  731W,   0,    0,   ,   0,    ,    0,    0,    0,    0, 
AL, 94, 2025092306, 03, TABM,  90, 171N,  734W,   0,    0,   ,   0,    ,    0,    0,    0,    0, 
AL, 94, 2025092306, 03, TABM,  96, 172N,  737W,   0,    0,   ,   0,    ,    0,    0,    0,    0, 
AL, 94, 2025092306, 03, TABM, 102, 173N,  741W,   0,    0,   ,   0,    ,    0,    0,    0,    0, 
AL, 94, 2025092306, 03, TABM, 108, 175N,  745W,   0,    0,   ,   0,    ,    0,    0,    0,    0, 
AL, 94, 2025092306, 03, TABM, 114, 177N,  750W,   0,    0,   ,   0,    ,    0,    0,    0,    0, 
AL, 94, 2025092306, 03, TABM, 120, 180N,  755W,   0,    0,   ,   0,    ,    0,    0,    0,    0, 
AL, 94, 2025092306, 03, TABM, 126, 184N,  760W,   0,    0,   ,   0,    ,    0,    0,    0,    0, 
AL, 94, 2025092306, 03, TABM, 132, 189N,  765W,   0,    0,   ,   0,    ,    0,    0,    0,    0, 
AL, 94, 2025092306, 03, TABM, 138, 193N,  769W,   0,    0,   ,   0,    ,    0,    0,    0,    0, 
AL, 94, 2025092306, 03, TABM, 144, 196N,  773W,   0,    0,   ,   0,    ,    0,    0,    0,    0, 
AL, 94, 2025092306, 03, TABM, 150, 200N,  777W,   0,    0,   ,   0,    ,    0,    0,    0,    0, 
AL, 94, 2025092306, 03, TABM, 156, 204N,  780W,   0,    0,   ,   0,    ,    0,    0,    0,    0, 
AL, 94, 2025092306, 03, TABM, 162, 206N,  783W,   0,    0,   ,   0,    ,    0,    0,    0,    0, 
AL, 94, 2025092306, 03, TABM, 168, 207N,  786W,   0,    0,   ,   0,    ,    0,    0,    0,    0, 
AL, 94, 2025092306, 03, TABS,   0, 172N,  607W,   0,    0,   ,   0,    ,    0,    0,    0,    0, 
AL, 94, 2025092306, 03, TABS,   6, 175N,  625W,   0,    0,   ,   0,    ,    0,    0,    0,    0, 
AL, 94, 2025092306, 03, TABS,  12, 179N,  640W,   0,    0,   ,   0,    ,    0,    0,    0,    0, 
AL, 94, 2025092306, 03, TABS,  18, 183N,  654W,   0,    0,   ,   0,    ,    0,    0,    0,    0, 
AL, 94, 2025092306, 03, TABS,  24, 185N,  670W,   0,    0,   ,   0,    ,    0,    0,    0,    0, 
AL, 94, 2025092306, 03, TABS,  30, 187N,  685W,   0,    0,   ,   0,    ,    0,    0,    0,    0, 
AL, 94, 2025092306, 03, TABS,  36, 190N,  699W,   0,    0,   ,   0,    ,    0,    0,    0,    0, 
AL, 94, 2025092306, 03, TABS,  42, 192N,  711W,   0,    0,   ,   0,    ,    0,    0,    0,    0, 
AL, 94, 2025092306, 03, TABS,  48, 191N,  723W,   0,    0,   ,   0,    ,    0,    0,    0,    0, 
AL, 94, 2025092306, 03, TABS,  54, 190N,  735W,   0,    0,   ,   0,    ,    0,    0,    0,    0, 
AL, 94, 2025092306, 03, TABS,  60, 188N,  747W,   0,    0,   ,   0,    ,    0,    0,    0,    0, 
AL, 94, 2025092306, 03, TABS,  66, 186N,  757W,   0,    0,   ,   0,    ,    0,    0,    0,    0, 
AL, 94, 2025092306, 03, TABS,  72, 184N,  767W,   0,    0,   ,   0,    ,    0,    0,    0,    0, 
AL, 94, 2025092306, 03, TABS,  78, 181N,  776W,   0,    0,   ,   0,    ,    0,    0,    0,    0, 
AL, 94, 2025092306, 03, TABS,  84, 179N,  784W,   0,    0,   ,   0,    ,    0,    0,    0,    0, 
AL, 94, 2025092306, 03, TABS,  90, 176N,  792W,   0,    0,   ,   0,    ,    0,    0,    0,    0, 
AL, 94, 2025092306, 03, TABS,  96, 172N,  799W,   0,    0,   ,   0,    ,    0,    0,    0,    0, 
AL, 94, 2025092306, 03, TABS, 102, 168N,  807W,   0,    0,   ,   0,    ,    0,    0,    0,    0, 
AL, 94, 2025092306, 03, TABS, 108, 165N,  814W,   0,    0,   ,   0,    ,    0,    0,    0,    0, 
AL, 94, 2025092306, 03, TABS, 114, 162N,  820W,   0,    0,   ,   0,    ,    0,    0,    0,    0, 
AL, 94, 2025092306, 03, TABS, 120, 158N,  829W,   0,    0,   ,   0,    ,    0,    0,    0,    0, 
AL, 94, 2025092306, 03, TABS, 126, 157N,  838W,   0,    0,   ,   0,    ,    0,    0,    0,    0, 
AL, 94, 2025092306, 03, TABS, 132, 157N,  847W,   0,    0,   ,   0,    ,    0,    0,    0,    0, 
AL, 94, 2025092306, 03, TABS, 138, 156N,  854W,   0,    0,   ,   0,    ,    0,    0,    0,    0, 
AL, 94, 2025092306, 03, TABS, 144, 156N,  862W,   0,    0,   ,   0,    ,    0,    0,    0,    0, 
AL, 94, 2025092306, 03, TABS, 150, 157N,  870W,   0,    0,   ,   0,    ,    0,    0,    0,    0, 
AL, 94, 2025092306, 03, TABS, 156, 160N,  877W,   0,    0,   ,   0,    ,    0,    0,    0,    0, 
AL, 94, 2025092306, 03, TABS, 162, 162N,  884W,   0,    0,   ,   0,    ,    0,    0,    0,    0, 
AL, 94, 2025092306, 03, TABS, 168, 164N,  890W,   0,    0,   ,   0,    ,    0,    0,    0,    0, 
AL, 94, 2025092306, 03, TCLP,   0, 172N,  607W,  25,    0,   ,   0,    ,    0,    0,    0,    0, 
AL, 94, 2025092306, 03, TCLP,  12, 179N,  641W,  26,    0,   ,   0,    ,    0,    0,    0,    0, 
AL, 94, 2025092306, 03, TCLP,  24, 186N,  670W,  28,    0,   ,   0,    ,    0,    0,    0,    0, 
AL, 94, 2025092306, 03, TCLP,  36, 194N,  694W,  31,    0,   ,   0,    ,    0,    0,    0,    0, 
AL, 94, 2025092306, 03, TCLP,  48, 203N,  714W,  34,    0,   ,   0,    ,    0,    0,    0,    0, 
AL, 94, 2025092306, 03, TCLP,  60, 211N,  731W,  34,    0,   ,   0,    ,    0,    0,    0,    0, 
AL, 94, 2025092306, 03, TCLP,  72, 221N,  745W,  40,    0,   ,   0,    ,    0,    0,    0,    0, 
AL, 94, 2025092306, 03, TCLP,  84, 230N,  757W,  44,    0,   ,   0,    ,    0,    0,    0,    0, 
AL, 94, 2025092306, 03, TCLP,  96, 240N,  766W,  47,    0,   ,   0,    ,    0,    0,    0,    0, 
AL, 94, 2025092306, 03, TCLP, 108, 250N,  775W,  50,    0,   ,   0,    ,    0,    0,    0,    0, 
AL, 94, 2025092306, 03, TCLP, 120, 260N,  781W,  53,    0,   ,   0,    ,    0,    0,    0,    0, 
AL, 94, 2025092306, 03, TCLP, 132, 270N,  787W,  55,    0,   ,   0,    ,    0,    0,    0,    0, 
AL, 94, 2025092306, 03, TCLP, 144, 281N,  791W,  57,    0,   ,   0,    ,    0,    0,    0,    0, 
AL, 94, 2025092306, 03, TCLP, 156, 292N,  794W,  58,    0,   ,   0,    ,    0,    0,    0,    0, 
AL, 94, 2025092306, 03, TCLP, 168, 303N,  795W,  58,    0,   ,   0,    ,    0,    0,    0,    0, 
AL, 94, 2025092306, 03, TCLP, 180, 314N,  796W,  58,    0,   ,   0,    ,    0,    0,    0,    0, 
AL, 94, 2025092306, 03, TCLP, 192, 326N,  796W,  57,    0,   ,   0,    ,    0,    0,    0,    0, 
AL, 94, 2025092306, 03, TCLP, 204, 339N,  794W,  42,    0,   ,   0,    ,    0,    0,    0,    0, 
AL, 94, 2025092306, 03, TCLP, 216, 351N,  792W,  32,    0,   ,   0,    ,    0,    0,    0,    0, 
AL, 94, 2025092306, 03, TCLP, 228, 364N,  788W,  28,    0,   ,   0,    ,    0,    0,    0,    0, 
AL, 94, 2025092306, 03, TCLP, 240, 378N,  782W,  27,    0,   ,   0,    ,    0,    0,    0,    0, 
AL, 94, 2025092306, 03, XTRP,   0, 172N,  607W,   0,    0,   ,   0,    ,    0,    0,    0,    0, 
AL, 94, 2025092306, 03, XTRP,  12, 175N,  643W,   0,    0,   ,   0,    ,    0,    0,    0,    0, 
AL, 94, 2025092306, 03, XTRP,  24, 178N,  680W,   0,    0,   ,   0,    ,    0,    0,    0,    0, 
AL, 94, 2025092306, 03, XTRP,  36, 181N,  717W,   0,    0,   ,   0,    ,    0,    0,    0,    0, 
AL, 94, 2025092306, 03, XTRP,  48, 184N,  755W,   0,    0,   ,   0,    ,    0,    0,    0,    0, 
AL, 94, 2025092306, 03, XTRP,  60, 187N,  792W,   0,    0,   ,   0,    ,    0,    0,    0,    0, 
AL, 94, 2025092306, 03, XTRP,  72, 191N,  829W,   0,    0,   ,   0,    ,    0,    0,    0,    0, 
AL, 94, 2025092306, 03, XTRP,  84, 194N,  867W,   0,    0,   ,   0,    ,    0,    0,    0,    0, 
AL, 94, 2025092306, 03, XTRP,  96, 197N,  904W,   0,    0,   ,   0,    ,    0,    0,    0,    0, 
AL, 94, 2025092306, 03, XTRP, 108, 200N,  942W,   0,    0,   ,   0,    ,    0,    0,    0,    0, 
AL, 94, 2025092306, 03, XTRP, 120, 203N,  980W,   0,    0,   ,   0,    ,    0,    0,    0,    0, 
AL, 94, 2025092306, 03, XTRP, 132, 206N, 1017W,   0,    0,   ,   0,    ,    0,    0,    0,    0, 
AL, 94, 2025092306, 03, XTRP, 144, 209N, 1055W,   0,    0,   ,   0,    ,    0,    0,    0,    0, 
AL, 94, 2025092306, 03, XTRP, 156, 212N, 1093W,   0,    0,   ,   0,    ,    0,    0,    0,    0, 
AL, 94, 2025092306, 03, XTRP, 168, 215N, 1131W,   0,    0,   ,   0,    ,    0,    0,    0,    0, 
AL, 94, 2025092312, 01, CARQ, -24, 163N,  552W,  25,    0, DB,  34, AAA,    0,    0,    0,    0,    0,    0,   0,   0,   0,   L,   0,   X,   0,   0,     INVEST,  , 
AL, 94, 2025092312, 01, CARQ, -18, 169N,  570W,  25,    0, DB,  34, AAA,    0,    0,    0,    0,    0,    0,   0,   0,   0,   L,   0,   X,   0,   0,     INVEST,  , 
AL, 94, 2025092312, 01, CARQ, -12, 171N,  592W,  25,    0, DB,  34, AAA,    0,    0,    0,    0,    0,    0,   0,   0,   0,   L,   0,   X, 275,  18,     INVEST,  , 
AL, 94, 2025092312, 01, CARQ,  -6, 172N,  607W,  25,    0, DB,  34, AAA,    0,    0,    0,    0,    0,    0,   0,   0,   0,   L,   0,   X,   0,   0,     INVEST,  , 
AL, 94, 2025092312, 01, CARQ,   0, 173N,  620W,  25, 1010, DB,  34, NEQ,    0,    0,    0,    0, 1012,  180, 150,   0,   0,   L,   0,   X, 275,  16,     INVEST, S, 
AL, 94, 2025092312, 01, CARQ,   0, 173N,  620W,  25, 1010, DB,  50, NEQ,    0,    0,    0,    0, 1012,  180, 150,   0,   0,   L,   0,   X, 275,  16,     INVEST, S, 
AL, 94, 2025092312, 01, CARQ,   0, 173N,  620W,  25, 1010, DB,  64, NEQ,    0,    0,    0,    0, 1012,  180, 150,   0,   0,   L,   0,   X, 275,  16,     INVEST, S, 
AL, 94, 2025092312, 03, CLP5,  12, 178N,  650W,   0,    0,   ,   0,    ,    0,    0,    0,    0, 
AL, 94, 2025092312, 03, CLP5,  24, 183N,  678W,   0,    0,   ,   0,    ,    0,    0,    0,    0, 
AL, 94, 2025092312, 03, CLP5,  36, 190N,  701W,   0,    0,   ,   0,    ,    0,    0,    0,    0, 
AL, 94, 2025092312, 03, CLP5,  48, 198N,  722W,   0,    0,   ,   0,    ,    0,    0,    0,    0, 
AL, 94, 2025092312, 03, CLP5,  60, 207N,  737W,   0,    0,   ,   0,    ,    0,    0,    0,    0, 
AL, 94, 2025092312, 03, CLP5,  72, 217N,  749W,   0,    0,   ,   0,    ,    0,    0,    0,    0, 
AL, 94, 2025092312, 03, CLP5,  84, 225N,  760W,   0,    0,   ,   0,    ,    0,    0,    0,    0, 
AL, 94, 2025092312, 03, CLP5,  96, 235N,  770W,   0,    0,   ,   0,    ,    0,    0,    0,    0, 
AL, 94, 2025092312, 03, CLP5, 108, 244N,  774W,   0,    0,   ,   0,    ,    0,    0,    0,    0, 
AL, 94, 2025092312, 03, CLP5, 120, 256N,  776W,   0,    0,   ,   0,    ,    0,    0,    0,    0, 
AL, 94, 2025092312, 03, DSHP,   0, 173N,  620W,  25,    0, TD,   0,    ,    0,    0,    0,    0, 
AL, 94, 2025092312, 03, DSHP,  12, 174N,  646W,  26,    0, TD,   0,    ,    0,    0,    0,    0, 
AL, 94, 2025092312, 03, DSHP,  24, 173N,  670W,  27,    0, TD,   0,    ,    0,    0,    0,    0, 
AL, 94, 2025092312, 03, DSHP,  36, 174N,  688W,  32,    0, TD,   0,    ,    0,    0,    0,    0, 
AL, 94, 2025092312, 03, DSHP,  48, 174N,  702W,  36,    0, TS,   0,    ,    0,    0,    0,    0, 
AL, 94, 2025092312, 03, DSHP,  60, 173N,  712W,  42,    0, TS,   0,    ,    0,    0,    0,    0, 
AL, 94, 2025092312, 03, DSHP,  72, 172N,  722W,  44,    0, TS,   0,    ,    0,    0,    0,    0, 
AL, 94, 2025092312, 03, DSHP,  84, 175N,  728W,  50,    0, TS,   0,    ,    0,    0,    0,    0, 
AL, 94, 2025092312, 03, DSHP,  96, 178N,  736W,  55,    0, TS,   0,    ,    0,    0,    0,    0, 
AL, 94, 2025092312, 03, DSHP, 108, 183N,  743W,  62,    0, TS,   0,    ,    0,    0,    0,    0, 
AL, 94, 2025092312, 03, DSHP, 120, 190N,  753W,  67,    0, HU,   0,    ,    0,    0,    0,    0, 
AL, 94, 2025092312, 03, DSHP, 132, 199N,  761W,  69,    0, HU,   0,    ,    0,    0,    0,    0, 
AL, 94, 2025092312, 03, DSHP, 144, 207N,  767W,  45,    0, TS,   0,    ,    0,    0,    0,    0, 
AL, 94, 2025092312, 03, DSHP, 156, 211N,  771W,  35,    0, TS,   0,    ,    0,    0,    0,    0, 
AL, 94, 2025092312, 03, DSHP, 168, 211N,  775W,  31,    0, TD,   0,    ,    0,    0,    0,    0, 
AL, 94, 2025092312, 03, HCCA,   0, 173N,  620W,  25,    0,   ,   0,    ,    0,    0,    0,    0, 
AL, 94, 2025092312, 03, IVCN,   0,   0N,    0W,  25,    0,   ,   0,    ,    0,    0,    0,    0, 
AL, 94, 2025092312, 03, IVCN,  12,   0N,    0W,  26,    0,   ,   0,    ,    0,    0,    0,    0, 
AL, 94, 2025092312, 03, IVCN,  24,   0N,    0W,  27,    0,   ,   0,    ,    0,    0,    0,    0, 
AL, 94, 2025092312, 03, IVCN,  36,   0N,    0W,  29,    0,   ,   0,    ,    0,    0,    0,    0, 
AL, 94, 2025092312, 03, IVCN,  48,   0N,    0W,  32,    0,   ,   0,    ,    0,    0,    0,    0, 
AL, 94, 2025092312, 03, IVCN,  60,   0N,    0W,  35,    0,   ,   0,    ,    0,    0,    0,    0, 
AL, 94, 2025092312, 03, IVCN,  72,   0N,    0W,  36,    0,   ,   0,    ,    0,    0,    0,    0, 
AL, 94, 2025092312, 03, IVCN,  84,   0N,    0W,  40,    0,   ,   0,    ,    0,    0,    0,    0, 
AL, 94, 2025092312, 03, IVCN,  96,   0N,    0W,  44,    0,   ,   0,    ,    0,    0,    0,    0, 
AL, 94, 2025092312, 03, IVCN, 108,   0N,    0W,  49,    0,   ,   0,    ,    0,    0,    0,    0, 
AL, 94, 2025092312, 03, IVCN, 120,   0N,    0W,  54,    0,   ,   0,    ,    0,    0,    0,    0, 
AL, 94, 2025092312, 03, IVCN, 132,   0N,    0W,  57,    0,   ,   0,    ,    0,    0,    0,    0, 
AL, 94, 2025092312, 03, IVCN, 144,   0N,    0W,  40,    0,   ,   0,    ,    0,    0,    0,    0, 
AL, 94, 2025092312, 03, IVCN, 156,   0N,    0W,  33,    0,   ,   0,    ,    0,    0,    0,    0, 
AL, 94, 2025092312, 03, IVCN, 168,   0N,    0W,  30,    0,   ,   0,    ,    0,    0,    0,    0, 
AL, 94, 2025092312, 03, LGEM,   0, 173N,  620W,  25,    0, TD,   0,    ,    0,    0,    0,    0, 
AL, 94, 2025092312, 03, LGEM,  12, 174N,  646W,  25,    0, TD,   0,    ,    0,    0,    0,    0, 
AL, 94, 2025092312, 03, LGEM,  24, 173N,  670W,  26,    0, TD,   0,    ,    0,    0,    0,    0, 
AL, 94, 2025092312, 03, LGEM,  36, 174N,  688W,  26,    0, TD,   0,    ,    0,    0,    0,    0, 
AL, 94, 2025092312, 03, LGEM,  48, 174N,  702W,  27,    0, TD,   0,    ,    0,    0,    0,    0, 
AL, 94, 2025092312, 03, LGEM,  60, 173N,  712W,  27,    0, TD,   0,    ,    0,    0,    0,    0, 
AL, 94, 2025092312, 03, LGEM,  72, 172N,  722W,  27,    0, TD,   0,    ,    0,    0,    0,    0, 
AL, 94, 2025092312, 03, LGEM,  84, 175N,  728W,  29,    0, TD,   0,    ,    0,    0,    0,    0, 
AL, 94, 2025092312, 03, LGEM,  96, 178N,  736W,  32,    0, TD,   0,    ,    0,    0,    0,    0, 
AL, 94, 2025092312, 03, LGEM, 108, 183N,  743W,  36,    0, TS,   0,    ,    0,    0,    0,    0, 
AL, 94, 2025092312, 03, LGEM, 120, 190N,  753W,  40,    0, TS,   0,    ,    0,    0,    0,    0, 
AL, 94, 2025092312, 03, LGEM, 132, 199N,  761W,  44,    0, TS,   0,    ,    0,    0,    0,    0, 
AL, 94, 2025092312, 03, LGEM, 144, 207N,  767W,  34,    0, TS,   0,    ,    0,    0,    0,    0, 
AL, 94, 2025092312, 03, LGEM, 156, 211N,  771W,  30,    0, TD,   0,    ,    0,    0,    0,    0, 
AL, 94, 2025092312, 03, LGEM, 168, 211N,  775W,  28,    0, TD,   0,    ,    0,    0,    0,    0, 
AL, 94, 2025092312, 03, NNIB,   0, 173N,  620W,  25,    0, TD,   0,    ,    0,    0,    0,    0, 
AL, 94, 2025092312, 03, NNIB,  12, 174N,  634W,  26,    0, TD,   0,    ,    0,    0,    0,    0, 
AL, 94, 2025092312, 03, NNIB,  24, 174N,  646W,  27,    0, TD,   0,    ,    0,    0,    0,    0, 
AL, 94, 2025092312, 03, NNIB,  36, 173N,  658W,  29,    0, TD,   0,    ,    0,    0,    0,    0, 
AL, 94, 2025092312, 03, NNIB,  48, 173N,  670W,  32,    0, TD,   0,    ,    0,    0,    0,    0, 
AL, 94, 2025092312, 03, NNIB,  60, 174N,  681W,  35,    0, TS,   0,    ,    0,    0,    0,    0, 
AL, 94, 2025092312, 03, NNIB,  72, 174N,  689W,  36,    0, TS,   0,    ,    0,    0,    0,    0, 
AL, 94, 2025092312, 03, NNIB,  84, 174N,  697W,  40,    0, TS,   0,    ,    0,    0,    0,    0, 
AL, 94, 2025092312, 03, NNIB,  96, 174N,  703W,  44,    0, TS,   0,    ,    0,    0,    0,    0, 
AL, 94, 2025092312, 03, NNIB, 108, 173N,  709W,  49,    0, TS,   0,    ,    0,    0,    0,    0, 
AL, 94, 2025092312, 03, NNIB, 120, 173N,  713W,  54,    0, TS,   0,    ,    0,    0,    0,    0, 
AL, 94, 2025092312, 03, NNIB, 132, 172N,  718W,  57,    0, TS,   0,    ,    0,    0,    0,    0, 
AL, 94, 2025092312, 03, NNIB, 144, 172N,  723W,  40,    0, TS,   0,    ,    0,    0,    0,    0, 
AL, 94, 2025092312, 03, NNIB, 156, 174N,  727W,  33,    0, TD,   0,    ,    0,    0,    0,    0, 
AL, 94, 2025092312, 03, NNIB, 168, 175N,  729W,  30,    0, TD,   0,    ,    0,    0,    0,    0, 
AL, 94, 2025092312, 03, NNIC,   0, 173N,  620W,  25,    0, TD,   0,    ,    0,    0,    0,    0, 
AL, 94, 2025092312, 03, NNIC,  12, 174N,  634W,  28,    0, TD,   0,    ,    0,    0,    0,    0, 
AL, 94, 2025092312, 03, NNIC,  24, 174N,  646W,  28,    0, TD,   0,    ,    0,    0,    0,    0, 
AL, 94, 2025092312, 03, NNIC,  36, 173N,  658W,  33,    0, TD,   0,    ,    0,    0,    0,    0, 
AL, 94, 2025092312, 03, NNIC,  48, 173N,  670W,  36,    0, TS,   0,    ,    0,    0,    0,    0, 
AL, 94, 2025092312, 03, NNIC,  60, 174N,  681W,  39,    0, TS,   0,    ,    0,    0,    0,    0, 
AL, 94, 2025092312, 03, NNIC,  72, 174N,  689W,  38,    0, TS,   0,    ,    0,    0,    0,    0, 
AL, 94, 2025092312, 03, NNIC,  84, 174N,  697W,  38,    0, TS,   0,    ,    0,    0,    0,    0, 
AL, 94, 2025092312, 03, NNIC,  96, 174N,  703W,  46,    0, TS,   0,    ,    0,    0,    0,    0, 
AL, 94, 2025092312, 03, NNIC, 108, 173N,  709W,  49,    0, TS,   0,    ,    0,    0,    0,    0, 
AL, 94, 2025092312, 03, NNIC, 120, 173N,  713W,  61,    0, TS,   0,    ,    0,    0,    0,    0, 
AL, 94, 2025092312, 03, NNIC, 132, 172N,  718W,  73,    0, HU,   0,    ,    0,    0,    0,    0, 
AL, 94, 2025092312, 03, NNIC, 144, 172N,  723W,  80,    0, HU,   0,    ,    0,    0,    0,    0, 
AL, 94, 2025092312, 03, NNIC, 156, 174N,  727W,  72,    0, HU,   0,    ,    0,    0,    0,    0, 
AL, 94, 2025092312, 03, NNIC, 168, 175N,  729W,  70,    0, HU,   0,    ,    0,    0,    0,    0, 
AL, 94, 2025092312, 03, OCD5,   0, 173N,  620W,  25,    0,   ,   0,    ,    0,    0,    0,    0, 
AL, 94, 2025092312, 03, OCD5,  12, 178N,  650W,  28,    0,   ,   0,    ,    0,    0,    0,    0, 
AL, 94, 2025092312, 03, OCD5,  24, 183N,  678W,  31,    0,   ,   0,    ,    0,    0,    0,    0, 
AL, 94, 2025092312, 03, OCD5,  36, 190N,  701W,  29,    0,   ,   0,    ,    0,    0,    0,    0, 
AL, 94, 2025092312, 03, OCD5,  48, 198N,  722W,  32,    0,   ,   0,    ,    0,    0,    0,    0, 
AL, 94, 2025092312, 03, OCD5,  60, 207N,  737W,  37,    0,   ,   0,    ,    0,    0,    0,    0, 
AL, 94, 2025092312, 03, OCD5,  72, 217N,  749W,  41,    0,   ,   0,    ,    0,    0,    0,    0, 
AL, 94, 2025092312, 03, OCD5,  84, 225N,  760W,  42,    0,   ,   0,    ,    0,    0,    0,    0, 
AL, 94, 2025092312, 03, OCD5,  96, 235N,  770W,  47,    0,   ,   0,    ,    0,    0,    0,    0, 
AL, 94, 2025092312, 03, OCD5, 108, 244N,  774W,  51,    0,   ,   0,    ,    0,    0,    0,    0, 
AL, 94, 2025092312, 03, OCD5, 120, 256N,  776W,  63,    0,   ,   0,    ,    0,    0,    0,    0, 
AL, 94, 2025092312, 03, SHF5,   0,   0N,    0W,  25,    0,   ,   0,    ,    0,    0,    0,    0, 
AL, 94, 2025092312, 03, SHF5,  12,   0N,    0W,  28,    0,   ,   0,    ,    0,    0,    0,    0, 
AL, 94, 2025092312, 03, SHF5,  24,   0N,    0W,  34,    0,   ,   0,    ,    0,    0,    0,    0, 
AL, 94, 2025092312, 03, SHF5,  36,   0N,    0W,  40,    0,   ,   0,    ,    0,    0,    0,    0, 
AL, 94, 2025092312, 03, SHF5,  48,   0N,    0W,  44,    0,   ,   0,    ,    0,    0,    0,    0, 
AL, 94, 2025092312, 03, SHF5,  60,   0N,    0W,  49,    0,   ,   0,    ,    0,    0,    0,    0, 
AL, 94, 2025092312, 03, SHF5,  72,   0N,    0W,  53,    0,   ,   0,    ,    0,    0,    0,    0, 
AL, 94, 2025092312, 03, SHF5,  84,   0N,    0W,  54,    0,   ,   0,    ,    0,    0,    0,    0, 
AL, 94, 2025092312, 03, SHF5,  96,   0N,    0W,  59,    0,   ,   0,    ,    0,    0,    0,    0, 
AL, 94, 2025092312, 03, SHF5, 108,   0N,    0W,  63,    0,   ,   0,    ,    0,    0,    0,    0, 
AL, 94, 2025092312, 03, SHF5, 120,   0N,    0W,  75,    0,   ,   0,    ,    0,    0,    0,    0, 
AL, 94, 2025092312, 03, SHIP,   0, 173N,  620W,  25,    0, TD,   0,    ,    0,    0,    0,    0, 
AL, 94, 2025092312, 03, SHIP,  12, 174N,  646W,  26,    0, TD,   0,    ,    0,    0,    0,    0, 
AL, 94, 2025092312, 03, SHIP,  24, 173N,  670W,  27,    0, TD,   0,    ,    0,    0,    0,    0, 
AL, 94, 2025092312, 03, SHIP,  36, 174N,  688W,  32,    0, TD,   0,    ,    0,    0,    0,    0, 
AL, 94, 2025092312, 03, SHIP,  48, 174N,  702W,  36,    0, TS,   0,    ,    0,    0,    0,    0, 
AL, 94, 2025092312, 03, SHIP,  60, 173N,  712W,  42,    0, TS,   0,    ,    0,    0,    0,    0, 
AL, 94, 2025092312, 03, SHIP,  72, 172N,  722W,  44,    0, TS,   0,    ,    0,    0,    0,    0, 
AL, 94, 2025092312, 03, SHIP,  84, 175N,  728W,  50,    0, TS,   0,    ,    0,    0,    0,    0, 
AL, 94, 2025092312, 03, SHIP,  96, 178N,  736W,  55,    0, TS,   0,    ,    0,    0,    0,    0, 
AL, 94, 2025092312, 03, SHIP, 108, 183N,  743W,  62,    0, TS,   0,    ,    0,    0,    0,    0, 
AL, 94, 2025092312, 03, SHIP, 120, 190N,  753W,  67,    0, HU,   0,    ,    0,    0,    0,    0, 
AL, 94, 2025092312, 03, SHIP, 132, 199N,  761W,  69,    0, HU,   0,    ,    0,    0,    0,    0, 
AL, 94, 2025092312, 03, SHIP, 144, 207N,  767W,  66,    0, HU,   0,    ,    0,    0,    0,    0, 
AL, 94, 2025092312, 03, SHIP, 156, 211N,  771W,  64,    0, HU,   0,    ,    0,    0,    0,    0, 
AL, 94, 2025092312, 03, SHIP, 168, 211N,  775W,  64,    0, HU,   0,    ,    0,    0,    0,    0, 
AL, 94, 2025092312, 03, TABD,   0, 173N,  620W,   0,    0,   ,   0,    ,    0,    0,    0,    0, 
AL, 94, 2025092312, 03, TABD,   6, 173N,  633W,   0,    0,   ,   0,    ,    0,    0,    0,    0, 
AL, 94, 2025092312, 03, TABD,  12, 173N,  643W,   0,    0,   ,   0,    ,    0,    0,    0,    0, 
AL, 94, 2025092312, 03, TABD,  18, 172N,  652W,   0,    0,   ,   0,    ,    0,    0,    0,    0, 
AL, 94, 2025092312, 03, TABD,  24, 172N,  660W,   0,    0,   ,   0,    ,    0,    0,    0,    0, 
AL, 94, 2025092312, 03, TABD,  30, 174N,  666W,   0,    0,   ,   0,    ,    0,    0,    0,    0, 
AL, 94, 2025092312, 03, TABD,  36, 176N,  671W,   0,    0,   ,   0,    ,    0,    0,    0,    0, 
AL, 94, 2025092312, 03, TABD,  42, 178N,  675W,   0,    0,   ,   0,    ,    0,    0,    0,    0, 
AL, 94, 2025092312, 03, TABD,  48, 181N,  679W,   0,    0,   ,   0,    ,    0,    0,    0,    0, 
AL, 94, 2025092312, 03, TABD,  54, 184N,  681W,   0,    0,   ,   0,    ,    0,    0,    0,    0, 
AL, 94, 2025092312, 03, TABD,  60, 187N,  683W,   0,    0,   ,   0,    ,    0,    0,    0,    0, 
AL, 94, 2025092312, 03, TABD,  66, 190N,  685W,   0,    0,   ,   0,    ,    0,    0,    0,    0, 
AL, 94, 2025092312, 03, TABD,  72, 194N,  688W,   0,    0,   ,   0,    ,    0,    0,    0,    0, 
AL, 94, 2025092312, 03, TABD,  78, 198N,  690W,   0,    0,   ,   0,    ,    0,    0,    0,    0, 
AL, 94, 2025092312, 03, TABD,  84, 203N,  692W,   0,    0,   ,   0,    ,    0,    0,    0,    0, 
AL, 94, 2025092312, 03, TABD,  90, 207N,  694W,   0,    0,   ,   0,    ,    0,    0,    0,    0, 
AL, 94, 2025092312, 03, TABD,  96, 212N,  696W,   0,    0,   ,   0,    ,    0,    0,    0,    0, 
AL, 94, 2025092312, 03, TABD, 102, 218N,  698W,   0,    0,   ,   0,    ,    0,    0,    0,    0, 
AL, 94, 2025092312, 03, TABD, 108, 224N,  699W,   0,    0,   ,   0,    ,    0,    0,    0,    0, 
AL, 94, 2025092312, 03, TABD, 114, 230N,  700W,   0,    0,   ,   0,    ,    0,    0,    0,    0, 
AL, 94, 2025092312, 03, TABD, 120, 237N,  700W,   0,    0,   ,   0,    ,    0,    0,    0,    0, 
AL, 94, 2025092312, 03, TABD, 126, 244N,  697W,   0,    0,   ,   0,    ,    0,    0,    0,    0, 
AL, 94, 2025092312, 03, TABD, 132, 251N,  693W,   0,    0,   ,   0,    ,    0,    0,    0,    0, 
AL, 94, 2025092312, 03, TABD, 138, 256N,  688W,   0,    0,   ,   0,    ,    0,    0,    0,    0, 
AL, 94, 2025092312, 03, TABD, 144, 260N,  681W,   0,    0,   ,   0,    ,    0,    0,    0,    0, 
AL, 94, 2025092312, 03, TABD, 150, 264N,  672W,   0,    0,   ,   0,    ,    0,    0,    0,    0, 
AL, 94, 2025092312, 03, TABD, 156, 266N,  663W,   0,    0,   ,   0,    ,    0,    0,    0,    0, 
AL, 94, 2025092312, 03, TABD, 162, 267N,  655W,   0,    0,   ,   0,    ,    0,    0,    0,    0, 
AL, 94, 2025092312, 03, TABD, 168, 269N,  646W,   0,    0,   ,   0,    ,    0,    0,    0,    0, 
AL, 94, 2025092312, 03, TABM,   0, 173N,  620W,   0,    0,   ,   0,    ,    0,    0,    0,    0, 
AL, 94, 2025092312, 03, TABM,   6, 174N,  634W,   0,    0,   ,   0,    ,    0,    0,    0,    0, 
AL, 94, 2025092312, 03, TABM,  12, 174N,  646W,   0,    0,   ,   0,    ,    0,    0,    0,    0, 
AL, 94, 2025092312, 03, TABM,  18, 173N,  658W,   0,    0,   ,   0,    ,    0,    0,    0,    0, 
AL, 94, 2025092312, 03, TABM,  24, 173N,  670W,   0,    0,   ,   0,    ,    0,    0,    0,    0, 
AL, 94, 2025092312, 03, TABM,  30, 174N,  681W,   0,    0,   ,   0,    ,    0,    0,    0,    0, 
AL, 94, 2025092312, 03, TABM,  36, 174N,  689W,   0,    0,   ,   0,    ,    0,    0,    0,    0, 
AL, 94, 2025092312, 03, TABM,  42, 174N,  697W,   0,    0,   ,   0,    ,    0,    0,    0,    0, 
AL, 94, 2025092312, 03, TABM,  48, 174N,  703W,   0,    0,   ,   0,    ,    0,    0,    0,    0, 
AL, 94, 2025092312, 03, TABM,  54, 173N,  709W,   0,    0,   ,   0,    ,    0,    0,    0,    0, 
AL, 94, 2025092312, 03, TABM,  60, 173N,  713W,   0,    0,   ,   0,    ,    0,    0,    0,    0, 
AL, 94, 2025092312, 03, TABM,  66, 172N,  718W,   0,    0,   ,   0,    ,    0,    0,    0,    0, 
AL, 94, 2025092312, 03, TABM,  72, 172N,  723W,   0,    0,   ,   0,    ,    0,    0,    0,    0, 
AL, 94, 2025092312, 03, TABM,  78, 174N,  727W,   0,    0,   ,   0,    ,    0,    0,    0,    0, 
AL, 94, 2025092312, 03, TABM,  84, 175N,  729W,   0,    0,   ,   0,    ,    0,    0,    0,    0, 
AL, 94, 2025092312, 03, TABM,  90, 176N,  733W,   0,    0,   ,   0,    ,    0,    0,    0,    0, 
AL, 94, 2025092312, 03, TABM,  96, 178N,  737W,   0,    0,   ,   0,    ,    0,    0,    0,    0, 
AL, 94, 2025092312, 03, TABM, 102, 181N,  741W,   0,    0,   ,   0,    ,    0,    0,    0,    0, 
AL, 94, 2025092312, 03, TABM, 108, 183N,  744W,   0,    0,   ,   0,    ,    0,    0,    0,    0, 
AL, 94, 2025092312, 03, TABM, 114, 186N,  749W,   0,    0,   ,   0,    ,    0,    0,    0,    0, 
AL, 94, 2025092312, 03, TABM, 120, 190N,  754W,   0,    0,   ,   0,    ,    0,    0,    0,    0, 
AL, 94, 2025092312, 03, TABM, 126, 195N,  758W,   0,    0,   ,   0,    ,    0,    0,    0,    0, 
AL, 94, 2025092312, 03, TABM, 132, 199N,  762W,   0,    0,   ,   0,    ,    0,    0,    0,    0, 
AL, 94, 2025092312, 03, TABM, 138, 203N,  765W,   0,    0,   ,   0,    ,    0,    0,    0,    0, 
AL, 94, 2025092312, 03, TABM, 144, 207N,  768W,   0,    0,   ,   0,    ,    0,    0,    0,    0, 
AL, 94, 2025092312, 03, TABM, 150, 210N,  770W,   0,    0,   ,   0,    ,    0,    0,    0,    0, 
AL, 94, 2025092312, 03, TABM, 156, 211N,  771W,   0,    0,   ,   0,    ,    0,    0,    0,    0, 
AL, 94, 2025092312, 03, TABM, 162, 211N,  773W,   0,    0,   ,   0,    ,    0,    0,    0,    0, 
AL, 94, 2025092312, 03, TABM, 168, 211N,  775W,   0,    0,   ,   0,    ,    0,    0,    0,    0, 
AL, 94, 2025092312, 03, TABS,   0, 173N,  620W,   0,    0,   ,   0,    ,    0,    0,    0,    0, 
AL, 94, 2025092312, 03, TABS,   6, 176N,  635W,   0,    0,   ,   0,    ,    0,    0,    0,    0, 
AL, 94, 2025092312, 03, TABS,  12, 179N,  649W,   0,    0,   ,   0,    ,    0,    0,    0,    0, 
AL, 94, 2025092312, 03, TABS,  18, 182N,  664W,   0,    0,   ,   0,    ,    0,    0,    0,    0, 
AL, 94, 2025092312, 03, TABS,  24, 185N,  679W,   0,    0,   ,   0,    ,    0,    0,    0,    0, 
AL, 94, 2025092312, 03, TABS,  30, 189N,  693W,   0,    0,   ,   0,    ,    0,    0,    0,    0, 
AL, 94, 2025092312, 03, TABS,  36, 191N,  705W,   0,    0,   ,   0,    ,    0,    0,    0,    0, 
AL, 94, 2025092312, 03, TABS,  42, 191N,  717W,   0,    0,   ,   0,    ,    0,    0,    0,    0, 
AL, 94, 2025092312, 03, TABS,  48, 190N,  729W,   0,    0,   ,   0,    ,    0,    0,    0,    0, 
AL, 94, 2025092312, 03, TABS,  54, 189N,  741W,   0,    0,   ,   0,    ,    0,    0,    0,    0, 
AL, 94, 2025092312, 03, TABS,  60, 187N,  751W,   0,    0,   ,   0,    ,    0,    0,    0,    0, 
AL, 94, 2025092312, 03, TABS,  66, 185N,  761W,   0,    0,   ,   0,    ,    0,    0,    0,    0, 
AL, 94, 2025092312, 03, TABS,  72, 182N,  770W,   0,    0,   ,   0,    ,    0,    0,    0,    0, 
AL, 94, 2025092312, 03, TABS,  78, 180N,  778W,   0,    0,   ,   0,    ,    0,    0,    0,    0, 
AL, 94, 2025092312, 03, TABS,  84, 177N,  786W,   0,    0,   ,   0,    ,    0,    0,    0,    0, 
AL, 94, 2025092312, 03, TABS,  90, 174N,  794W,   0,    0,   ,   0,    ,    0,    0,    0,    0, 
AL, 94, 2025092312, 03, TABS,  96, 171N,  801W,   0,    0,   ,   0,    ,    0,    0,    0,    0, 
AL, 94, 2025092312, 03, TABS, 102, 168N,  808W,   0,    0,   ,   0,    ,    0,    0,    0,    0, 
AL, 94, 2025092312, 03, TABS, 108, 164N,  815W,   0,    0,   ,   0,    ,    0,    0,    0,    0, 
AL, 94, 2025092312, 03, TABS, 114, 161N,  823W,   0,    0,   ,   0,    ,    0,    0,    0,    0, 
AL, 94, 2025092312, 03, TABS, 120, 159N,  833W,   0,    0,   ,   0,    ,    0,    0,    0,    0, 
AL, 94, 2025092312, 03, TABS, 126, 160N,  841W,   0,    0,   ,   0,    ,    0,    0,    0,    0, 
AL, 94, 2025092312, 03, TABS, 132, 159N,  849W,   0,    0,   ,   0,    ,    0,    0,    0,    0, 
AL, 94, 2025092312, 03, TABS, 138, 159N,  857W,   0,    0,   ,   0,    ,    0,    0,    0,    0, 
AL, 94, 2025092312, 03, TABS, 144, 160N,  865W,   0,    0,   ,   0,    ,    0,    0,    0,    0, 
AL, 94, 2025092312, 03, TABS, 150, 163N,  873W,   0,    0,   ,   0,    ,    0,    0,    0,    0, 
AL, 94, 2025092312, 03, TABS, 156, 165N,  880W,   0,    0,   ,   0,    ,    0,    0,    0,    0, 
AL, 94, 2025092312, 03, TABS, 162, 167N,  886W,   0,    0,   ,   0,    ,    0,    0,    0,    0, 
AL, 94, 2025092312, 03, TABS, 168, 169N,  892W,   0,    0,   ,   0,    ,    0,    0,    0,    0, 
AL, 94, 2025092312, 03, TCLP,   0, 173N,  620W,  25,    0,   ,   0,    ,    0,    0,    0,    0, 
AL, 94, 2025092312, 03, TCLP,  12, 177N,  651W,  26,    0,   ,   0,    ,    0,    0,    0,    0, 
AL, 94, 2025092312, 03, TCLP,  24, 182N,  677W,  28,    0,   ,   0,    ,    0,    0,    0,    0, 
AL, 94, 2025092312, 03, TCLP,  36, 188N,  699W,  26,    0,   ,   0,    ,    0,    0,    0,    0, 
AL, 94, 2025092312, 03, TCLP,  48, 195N,  717W,  27,    0,   ,   0,    ,    0,    0,    0,    0, 
AL, 94, 2025092312, 03, TCLP,  60, 203N,  733W,  32,    0,   ,   0,    ,    0,    0,    0,    0, 
AL, 94, 2025092312, 03, TCLP,  72, 211N,  747W,  35,    0,   ,   0,    ,    0,    0,    0,    0, 
AL, 94, 2025092312, 03, TCLP,  84, 220N,  758W,  38,    0,   ,   0,    ,    0,    0,    0,    0, 
AL, 94, 2025092312, 03, TCLP,  96, 229N,  768W,  41,    0,   ,   0,    ,    0,    0,    0,    0, 
AL, 94, 2025092312, 03, TCLP, 108, 239N,  776W,  40,    0,   ,   0,    ,    0,    0,    0,    0, 
AL, 94, 2025092312, 03, TCLP, 120, 248N,  783W,  38,    0,   ,   0,    ,    0,    0,    0,    0, 
AL, 94, 2025092312, 03, TCLP, 132, 258N,  788W,  44,    0,   ,   0,    ,    0,    0,    0,    0, 
AL, 94, 2025092312, 03, TCLP, 144, 268N,  793W,  47,    0,   ,   0,    ,    0,    0,    0,    0, 
AL, 94, 2025092312, 03, TCLP, 156, 279N,  796W,  49,    0,   ,   0,    ,    0,    0,    0,    0, 
AL, 94, 2025092312, 03, TCLP, 168, 290N,  799W,  50,    0,   ,   0,    ,    0,    0,    0,    0, 
AL, 94, 2025092312, 03, TCLP, 180, 301N,  801W,  52,    0,   ,   0,    ,    0,    0,    0,    0, 
AL, 94, 2025092312, 03, TCLP, 192, 312N,  801W,  52,    0,   ,   0,    ,    0,    0,    0,    0, 
AL, 94, 2025092312, 03, TCLP, 204, 324N,  801W,  52,    0,   ,   0,    ,    0,    0,    0,    0, 
AL, 94, 2025092312, 03, TCLP, 216, 336N,  799W,  38,    0,   ,   0,    ,    0,    0,    0,    0, 
AL, 94, 2025092312, 03, TCLP, 228, 349N,  796W,  30,    0,   ,   0,    ,    0,    0,    0,    0, 
AL, 94, 2025092312, 03, TCLP, 240, 362N,  793W,  28,    0,   ,   0,    ,    0,    0,    0,    0, 
AL, 94, 2025092312, 03, XTRP,   0, 173N,  620W,   0,    0,   ,   0,    ,    0,    0,    0,    0, 
AL, 94, 2025092312, 03, XTRP,  12, 175N,  647W,   0,    0,   ,   0,    ,    0,    0,    0,    0, 
AL, 94, 2025092312, 03, XTRP,  24, 177N,  675W,   0,    0,   ,   0,    ,    0,    0,    0,    0, 
AL, 94, 2025092312, 03, XTRP,  36, 179N,  703W,   0,    0,   ,   0,    ,    0,    0,    0,    0, 
AL, 94, 2025092312, 03, XTRP,  48, 180N,  731W,   0,    0,   ,   0,    ,    0,    0,    0,    0, 
AL, 94, 2025092312, 03, XTRP,  60, 182N,  759W,   0,    0,   ,   0,    ,    0,    0,    0,    0, 
AL, 94, 2025092312, 03, XTRP,  72, 184N,  788W,   0,    0,   ,   0,    ,    0,    0,    0,    0, 
AL, 94, 2025092312, 03, XTRP,  84, 186N,  816W,   0,    0,   ,   0,    ,    0,    0,    0,    0, 
AL, 94, 2025092312, 03, XTRP,  96, 188N,  844W,   0,    0,   ,   0,    ,    0,    0,    0,    0, 
AL, 94, 2025092312, 03, XTRP, 108, 190N,  872W,   0,    0,   ,   0,    ,    0,    0,    0,    0, 
AL, 94, 2025092312, 03, XTRP, 120, 192N,  901W,   0,    0,   ,   0,    ,    0,    0,    0,    0, 
AL, 94, 2025092312, 03, XTRP, 132, 194N,  929W,   0,    0,   ,   0,    ,    0,    0,    0,    0, 
AL, 94, 2025092312, 03, XTRP, 144, 195N,  957W,   0,    0,   ,   0,    ,    0,    0,    0,    0, 
AL, 94, 2025092312, 03, XTRP, 156, 197N,  986W,   0,    0,   ,   0,    ,    0,    0,    0,    0, 
AL, 94, 2025092312, 03, XTRP, 168, 199N, 1014W,   0,    0,   ,   0,    ,    0,    0,    0,    0, 
