EP, 91, 2024102706, 01, CARQ, -24,  87N, 1108W,  20,    0, DB,  34, AAA,    0,    0,    0,    0,    0,    0,   0,   0,   0,   E,   0,   X,   0,   0,     INVEST,  , 
EP, 91, 2024102706, 01, CARQ, -18,  89N, 1122W,  25,    0, DB,  34, AAA,    0,    0,    0,    0,    0,    0,   0,   0,   0,   E,   0,   X,   0,   0,     INVEST,  , 
EP, 91, 2024102706, 01, CARQ, -12,  91N, 1136W,  30,    0, DB,  34, AAA,    0,    0,    0,    0,    0,    0,   0,   0,   0,   E,   0,   X, 284,  17,     INVEST,  , 
EP, 91, 2024102706, 01, CARQ,  -6,  97N, 1155W,  30,    0, DB,  34, AAA,    0,    0,    0,    0,    0,    0,   0,   0,   0,   E,   0,   X,   0,   0,     INVEST,  , 
EP, 91, 2024102706, 01, CARQ,   0, 103N, 1170W,  30, 1008, DB,  34, NEQ,    0,    0,    0,    0, 1010,  180,  50,   0,   0,   E,   0,   X, 280,  16,     INVEST, S, 
EP, 91, 2024102706, 01, CARQ,   0, 103N, 1170W,  30, 1008, DB,  50, NEQ,    0,    0,    0,    0, 1010,  180,  50,   0,   0,   E,   0,   X, 280,  16,     INVEST, S, 
EP, 91, 2024102706, 01, CARQ,   0, 103N, 1170W,  30, 1008, DB,  64, NEQ,    0,    0,    0,    0, 1010,  180,  50,   0,   0,   E,   0,   X, 280,  16,     INVEST, S, 
EP, 91, 2024102706, 03, CLP5,  12, 109N, 1199W,   0,    0,   ,   0,    ,    0,    0,    0,    0, 
EP, 91, 2024102706, 03, CLP5,  24, 116N, 1225W,   0,    0,   ,   0,    ,    0,    0,    0,    0, 
EP, 91, 2024102706, 03, CLP5,  36, 123N, 1249W,   0,    0,   ,   0,    ,    0,    0,    0,    0, 
EP, 91, 2024102706, 03, CLP5,  48, 130N, 1266W,   0,    0,   ,   0,    ,    0,    0,    0,    0, 
EP, 91, 2024102706, 03, CLP5,  60, 136N, 1285W,   0,    0,   ,   0,    ,    0,    0,    0,    0, 
EP, 91, 2024102706, 03, CLP5,  72, 143N, 1302W,   0,    0,   ,   0,    ,    0,    0,    0,    0, 
EP, 91, 2024102706, 03, CLP5,  84, 149N, 1314W,   0,    0,   ,   0,    ,    0,    0,    0,    0, 
EP, 91, 2024102706, 03, CLP5,  96, 156N, 1325W,   0,    0,   ,   0,    ,    0,    0,    0,    0, 
EP, 91, 2024102706, 03, CLP5, 108, 163N, 1338W,   0,    0,   ,   0,    ,    0,    0,    0,    0, 
EP, 91, 2024102706, 03, CLP5, 120, 170N, 1352W,   0,    0,   ,   0,    ,    0,    0,    0,    0, 
EP, 91, 2024102706, 03, DSHP,   0, 103N, 1170W,  30,    0, TD,   0,    ,    0,    0,    0,    0, 
EP, 91, 2024102706, 03, DSHP,  12, 108N, 1205W,  33,    0, TD,   0,    ,    0,    0,    0,    0, 
EP, 91, 2024102706, 03, DSHP,  24, 111N, 1238W,  40,    0, TS,   0,    ,    0,    0,    0,    0, 
EP, 91, 2024102706, 03, DSHP,  36, 113N, 1265W,  48,    0, TS,   0,    ,    0,    0,    0,    0, 
EP, 91, 2024102706, 03, DSHP,  48, 115N, 1290W,  57,    0, TS,   0,    ,    0,    0,    0,    0, 
EP, 91, 2024102706, 03, DSHP,  60, 116N, 1313W,  64,    0, HU,   0,    ,    0,    0,    0,    0, 
EP, 91, 2024102706, 03, DSHP,  72, 120N, 1334W,  67,    0, HU,   0,    ,    0,    0,    0,    0, 
EP, 91, 2024102706, 03, DSHP,  84, 126N, 1355W,  66,    0, HU,   0,    ,    0,    0,    0,    0, 
EP, 91, 2024102706, 03, DSHP,  96, 131N, 1372W,  64,    0, HU,   0,    ,    0,    0,    0,    0, 
EP, 91, 2024102706, 03, DSHP, 108, 137N, 1387W,  61,    0, TS,   0,    ,    0,    0,    0,    0, 
EP, 91, 2024102706, 03, DSHP, 120, 141N, 1398W,  57,    0, TS,   0,    ,    0,    0,    0,    0, 
EP, 91, 2024102706, 03, DSHP, 132, 144N, 1407W,  52,    0, TS,   0,    ,    0,    0,    0,    0, 
EP, 91, 2024102706, 03, DSHP, 144, 145N, 1414W,  48,    0, TS,   0,    ,    0,    0,    0,    0, 
EP, 91, 2024102706, 03, DSHP, 156, 144N, 1423W,  45,    0, TS,   0,    ,    0,    0,    0,    0, 
EP, 91, 2024102706, 03, DSHP, 168, 144N, 1438W,  42,    0, TS,   0,    ,    0,    0,    0,    0, 
EP, 91, 2024102706, 03, IVCN,   0,   0N,    0W,  30,    0,   ,   0,    ,    0,    0,    0,    0, 
EP, 91, 2024102706, 03, IVCN,  12,   0N,    0W,  33,    0,   ,   0,    ,    0,    0,    0,    0, 
EP, 91, 2024102706, 03, IVCN,  24,   0N,    0W,  38,    0,   ,   0,    ,    0,    0,    0,    0, 
EP, 91, 2024102706, 03, IVCN,  36,   0N,    0W,  44,    0,   ,   0,    ,    0,    0,    0,    0, 
EP, 91, 2024102706, 03, IVCN,  48,   0N,    0W,  52,    0,   ,   0,    ,    0,    0,    0,    0, 
EP, 91, 2024102706, 03, IVCN,  60,   0N,    0W,  59,    0,   ,   0,    ,    0,    0,    0,    0, 
EP, 91, 2024102706, 03, IVCN,  72,   0N,    0W,  64,    0,   ,   0,    ,    0,    0,    0,    0, 
EP, 91, 2024102706, 03, IVCN,  84,   0N,    0W,  65,    0,   ,   0,    ,    0,    0,    0,    0, 
EP, 91, 2024102706, 03, IVCN,  96,   0N,    0W,  65,    0,   ,   0,    ,    0,    0,    0,    0, 
EP, 91, 2024102706, 03, IVCN, 108,   0N,    0W,  63,    0,   ,   0,    ,    0,    0,    0,    0, 
EP, 91, 2024102706, 03, IVCN, 120,   0N,    0W,  59,    0,   ,   0,    ,    0,    0,    0,    0, 
EP, 91, 2024102706, 03, IVCN, 132,   0N,    0W,  54,    0,   ,   0,    ,    0,    0,    0,    0, 
EP, 91, 2024102706, 03, IVCN, 144,   0N,    0W,  49,    0,   ,   0,    ,    0,    0,    0,    0, 
EP, 91, 2024102706, 03, IVCN, 156,   0N,    0W,  44,    0,   ,   0,    ,    0,    0,    0,    0, 
EP, 91, 2024102706, 03, IVCN, 168,   0N,    0W,  40,    0,   ,   0,    ,    0,    0,    0,    0, 
EP, 91, 2024102706, 03, LGEM,   0, 103N, 1170W,  30,    0, TD,   0,    ,    0,    0,    0,    0, 
EP, 91, 2024102706, 03, LGEM,  12, 108N, 1205W,  32,    0, TD,   0,    ,    0,    0,    0,    0, 
EP, 91, 2024102706, 03, LGEM,  24, 111N, 1238W,  35,    0, TS,   0,    ,    0,    0,    0,    0, 
EP, 91, 2024102706, 03, LGEM,  36, 113N, 1265W,  40,    0, TS,   0,    ,    0,    0,    0,    0, 
EP, 91, 2024102706, 03, LGEM,  48, 115N, 1290W,  47,    0, TS,   0,    ,    0,    0,    0,    0, 
EP, 91, 2024102706, 03, LGEM,  60, 116N, 1313W,  54,    0, TS,   0,    ,    0,    0,    0,    0, 
EP, 91, 2024102706, 03, LGEM,  72, 120N, 1334W,  60,    0, TS,   0,    ,    0,    0,    0,    0, 
EP, 91, 2024102706, 03, LGEM,  84, 126N, 1355W,  64,    0, HU,   0,    ,    0,    0,    0,    0, 
EP, 91, 2024102706, 03, LGEM,  96, 131N, 1372W,  65,    0, HU,   0,    ,    0,    0,    0,    0, 
EP, 91, 2024102706, 03, LGEM, 108, 137N, 1387W,  64,    0, HU,   0,    ,    0,    0,    0,    0, 
EP, 91, 2024102706, 03, LGEM, 120, 141N, 1398W,  60,    0, TS,   0,    ,    0,    0,    0,    0, 
EP, 91, 2024102706, 03, LGEM, 132, 144N, 1407W,  55,    0, TS,   0,    ,    0,    0,    0,    0, 
EP, 91, 2024102706, 03, LGEM, 144, 145N, 1414W,  49,    0, TS,   0,    ,    0,    0,    0,    0, 
EP, 91, 2024102706, 03, LGEM, 156, 144N, 1423W,  43,    0, TS,   0,    ,    0,    0,    0,    0, 
EP, 91, 2024102706, 03, LGEM, 168, 144N, 1438W,  37,    0, TS,   0,    ,    0,    0,    0,    0, 
EP, 91, 2024102706, 03, NNIB,   0, 103N, 1170W,  30,    0, TD,   0,    ,    0,    0,    0,    0, 
EP, 91, 2024102706, 03, NNIB,  12, 107N, 1188W,  33,    0, TD,   0,    ,    0,    0,    0,    0, 
EP, 91, 2024102706, 03, NNIB,  24, 108N, 1205W,  38,    0, TS,   0,    ,    0,    0,    0,    0, 
EP, 91, 2024102706, 03, NNIB,  36, 110N, 1222W,  44,    0, TS,   0,    ,    0,    0,    0,    0, 
EP, 91, 2024102706, 03, NNIB,  48, 111N, 1238W,  52,    0, TS,   0,    ,    0,    0,    0,    0, 
EP, 91, 2024102706, 03, NNIB,  60, 112N, 1253W,  59,    0, TS,   0,    ,    0,    0,    0,    0, 
EP, 91, 2024102706, 03, NNIB,  72, 113N, 1266W,  64,    0, HU,   0,    ,    0,    0,    0,    0, 
EP, 91, 2024102706, 03, NNIB,  84, 114N, 1278W,  65,    0, HU,   0,    ,    0,    0,    0,    0, 
EP, 91, 2024102706, 03, NNIB,  96, 115N, 1290W,  65,    0, HU,   0,    ,    0,    0,    0,    0, 
EP, 91, 2024102706, 03, NNIB, 108, 115N, 1301W,  63,    0, TS,   0,    ,    0,    0,    0,    0, 
EP, 91, 2024102706, 03, NNIB, 120, 116N, 1313W,  59,    0, TS,   0,    ,    0,    0,    0,    0, 
EP, 91, 2024102706, 03, NNIB, 132, 118N, 1324W,  54,    0, TS,   0,    ,    0,    0,    0,    0, 
EP, 91, 2024102706, 03, NNIB, 144, 120N, 1334W,  49,    0, TS,   0,    ,    0,    0,    0,    0, 
EP, 91, 2024102706, 03, NNIB, 156, 123N, 1345W,  44,    0, TS,   0,    ,    0,    0,    0,    0, 
EP, 91, 2024102706, 03, NNIB, 168, 126N, 1355W,  40,    0, TS,   0,    ,    0,    0,    0,    0, 
EP, 91, 2024102706, 03, NNIC,   0, 103N, 1170W,  30,    0, TD,   0,    ,    0,    0,    0,    0, 
EP, 91, 2024102706, 03, NNIC,  12, 107N, 1188W,  36,    0, TS,   0,    ,    0,    0,    0,    0, 
EP, 91, 2024102706, 03, NNIC,  24, 108N, 1205W,  41,    0, TS,   0,    ,    0,    0,    0,    0, 
EP, 91, 2024102706, 03, NNIC,  36, 110N, 1222W,  49,    0, TS,   0,    ,    0,    0,    0,    0, 
EP, 91, 2024102706, 03, NNIC,  48, 111N, 1238W,  55,    0, TS,   0,    ,    0,    0,    0,    0, 
EP, 91, 2024102706, 03, NNIC,  60, 112N, 1253W,  63,    0, TS,   0,    ,    0,    0,    0,    0, 
EP, 91, 2024102706, 03, NNIC,  72, 113N, 1266W,  76,    0, HU,   0,    ,    0,    0,    0,    0, 
EP, 91, 2024102706, 03, NNIC,  84, 114N, 1278W,  83,    0, HU,   0,    ,    0,    0,    0,    0, 
EP, 91, 2024102706, 03, NNIC,  96, 115N, 1290W,  81,    0, HU,   0,    ,    0,    0,    0,    0, 
EP, 91, 2024102706, 03, NNIC, 108, 115N, 1301W,  72,    0, HU,   0,    ,    0,    0,    0,    0, 
EP, 91, 2024102706, 03, NNIC, 120, 116N, 1313W,  56,    0, TS,   0,    ,    0,    0,    0,    0, 
EP, 91, 2024102706, 03, NNIC, 132, 118N, 1324W,  60,    0, TS,   0,    ,    0,    0,    0,    0, 
EP, 91, 2024102706, 03, NNIC, 144, 120N, 1334W,  51,    0, TS,   0,    ,    0,    0,    0,    0, 
EP, 91, 2024102706, 03, NNIC, 156, 123N, 1345W,  53,    0, TS,   0,    ,    0,    0,    0,    0, 
EP, 91, 2024102706, 03, NNIC, 168, 126N, 1355W,  68,    0, HU,   0,    ,    0,    0,    0,    0, 
EP, 91, 2024102706, 03, OCD5,   0, 103N, 1170W,  30,    0,   ,   0,    ,    0,    0,    0,    0, 
EP, 91, 2024102706, 03, OCD5,  12, 109N, 1199W,  35,    0,   ,   0,    ,    0,    0,    0,    0, 
EP, 91, 2024102706, 03, OCD5,  24, 116N, 1225W,  39,    0,   ,   0,    ,    0,    0,    0,    0, 
EP, 91, 2024102706, 03, OCD5,  36, 123N, 1249W,  42,    0,   ,   0,    ,    0,    0,    0,    0, 
EP, 91, 2024102706, 03, OCD5,  48, 130N, 1266W,  46,    0,   ,   0,    ,    0,    0,    0,    0, 
EP, 91, 2024102706, 03, OCD5,  60, 136N, 1285W,  51,    0,   ,   0,    ,    0,    0,    0,    0, 
EP, 91, 2024102706, 03, OCD5,  72, 143N, 1302W,  52,    0,   ,   0,    ,    0,    0,    0,    0, 
EP, 91, 2024102706, 03, OCD5,  84, 149N, 1314W,  54,    0,   ,   0,    ,    0,    0,    0,    0, 
EP, 91, 2024102706, 03, OCD5,  96, 156N, 1325W,  55,    0,   ,   0,    ,    0,    0,    0,    0, 
EP, 91, 2024102706, 03, OCD5, 108, 163N, 1338W,  52,    0,   ,   0,    ,    0,    0,    0,    0, 
EP, 91, 2024102706, 03, OCD5, 120, 170N, 1352W,  53,    0,   ,   0,    ,    0,    0,    0,    0, 
EP, 91, 2024102706, 03, SHF5,   0,   0N,    0W,  30,    0,   ,   0,    ,    0,    0,    0,    0, 
EP, 91, 2024102706, 03, SHF5,  12,   0N,    0W,  35,    0,   ,   0,    ,    0,    0,    0,    0, 
EP, 91, 2024102706, 03, SHF5,  24,   0N,    0W,  39,    0,   ,   0,    ,    0,    0,    0,    0, 
EP, 91, 2024102706, 03, SHF5,  36,   0N,    0W,  42,    0,   ,   0,    ,    0,    0,    0,    0, 
EP, 91, 2024102706, 03, SHF5,  48,   0N,    0W,  46,    0,   ,   0,    ,    0,    0,    0,    0, 
EP, 91, 2024102706, 03, SHF5,  60,   0N,    0W,  51,    0,   ,   0,    ,    0,    0,    0,    0, 
EP, 91, 2024102706, 03, SHF5,  72,   0N,    0W,  52,    0,   ,   0,    ,    0,    0,    0,    0, 
EP, 91, 2024102706, 03, SHF5,  84,   0N,    0W,  54,    0,   ,   0,    ,    0,    0,    0,    0, 
EP, 91, 2024102706, 03, SHF5,  96,   0N,    0W,  55,    0,   ,   0,    ,    0,    0,    0,    0, 
EP, 91, 2024102706, 03, SHF5, 108,   0N,    0W,  52,    0,   ,   0,    ,    0,    0,    0,    0, 
EP, 91, 2024102706, 03, SHF5, 120,   0N,    0W,  53,    0,   ,   0,    ,    0,    0,    0,    0, 
EP, 91, 2024102706, 03, SHIP,   0, 103N, 1170W,  30,    0, TD,   0,    ,    0,    0,    0,    0, 
EP, 91, 2024102706, 03, SHIP,  12, 108N, 1205W,  33,    0, TD,   0,    ,    0,    0,    0,    0, 
EP, 91, 2024102706, 03, SHIP,  24, 111N, 1238W,  40,    0, TS,   0,    ,    0,    0,    0,    0, 
EP, 91, 2024102706, 03, SHIP,  36, 113N, 1265W,  48,    0, TS,   0,    ,    0,    0,    0,    0, 
EP, 91, 2024102706, 03, SHIP,  48, 115N, 1290W,  57,    0, TS,   0,    ,    0,    0,    0,    0, 
EP, 91, 2024102706, 03, SHIP,  60, 116N, 1313W,  64,    0, HU,   0,    ,    0,    0,    0,    0, 
EP, 91, 2024102706, 03, SHIP,  72, 120N, 1334W,  67,    0, HU,   0,    ,    0,    0,    0,    0, 
EP, 91, 2024102706, 03, SHIP,  84, 126N, 1355W,  66,    0, HU,   0,    ,    0,    0,    0,    0, 
EP, 91, 2024102706, 03, SHIP,  96, 131N, 1372W,  64,    0, HU,   0,    ,    0,    0,    0,    0, 
EP, 91, 2024102706, 03, SHIP, 108, 137N, 1387W,  61,    0, TS,   0,    ,    0,    0,    0,    0, 
EP, 91, 2024102706, 03, SHIP, 120, 141N, 1398W,  57,    0, TS,   0,    ,    0,    0,    0,    0, 
EP, 91, 2024102706, 03, SHIP, 132, 144N, 1407W,  52,    0, TS,   0,    ,    0,    0,    0,    0, 
EP, 91, 2024102706, 03, SHIP, 144, 145N, 1414W,  48,    0, TS,   0,    ,    0,    0,    0,    0, 
EP, 91, 2024102706, 03, SHIP, 156, 144N, 1423W,  45,    0, TS,   0,    ,    0,    0,    0,    0, 
EP, 91, 2024102706, 03, SHIP, 168, 144N, 1438W,  42,    0, TS,   0,    ,    0,    0,    0,    0, 
EP, 91, 2024102706, 03, TABD,   0, 103N, 1170W,   0,    0,   ,   0,    ,    0,    0,    0,    0, 
EP, 91, 2024102706, 03, TABD,   6, 106N, 1188W,   0,    0,   ,   0,    ,    0,    0,    0,    0, 
EP, 91, 2024102706, 03, TABD,  12, 107N, 1207W,   0,    0,   ,   0,    ,    0,    0,    0,    0, 
EP, 91, 2024102706, 03, TABD,  18, 107N, 1225W,   0,    0,   ,   0,    ,    0,    0,    0,    0, 
EP, 91, 2024102706, 03, TABD,  24, 107N, 1243W,   0,    0,   ,   0,    ,    0,    0,    0,    0, 
EP, 91, 2024102706, 03, TABD,  30, 108N, 1259W,   0,    0,   ,   0,    ,    0,    0,    0,    0, 
EP, 91, 2024102706, 03, TABD,  36, 109N, 1274W,   0,    0,   ,   0,    ,    0,    0,    0,    0, 
EP, 91, 2024102706, 03, TABD,  42, 109N, 1289W,   0,    0,   ,   0,    ,    0,    0,    0,    0, 
EP, 91, 2024102706, 03, TABD,  48, 109N, 1302W,   0,    0,   ,   0,    ,    0,    0,    0,    0, 
EP, 91, 2024102706, 03, TABD,  54, 108N, 1315W,   0,    0,   ,   0,    ,    0,    0,    0,    0, 
EP, 91, 2024102706, 03, TABD,  60, 107N, 1328W,   0,    0,   ,   0,    ,    0,    0,    0,    0, 
EP, 91, 2024102706, 03, TABD,  66, 106N, 1340W,   0,    0,   ,   0,    ,    0,    0,    0,    0, 
EP, 91, 2024102706, 03, TABD,  72, 106N, 1351W,   0,    0,   ,   0,    ,    0,    0,    0,    0, 
EP, 91, 2024102706, 03, TABD,  78, 106N, 1363W,   0,    0,   ,   0,    ,    0,    0,    0,    0, 
EP, 91, 2024102706, 03, TABD,  84, 107N, 1374W,   0,    0,   ,   0,    ,    0,    0,    0,    0, 
EP, 91, 2024102706, 03, TABD,  90, 108N, 1385W,   0,    0,   ,   0,    ,    0,    0,    0,    0, 
EP, 91, 2024102706, 03, TABD,  96, 110N, 1395W,   0,    0,   ,   0,    ,    0,    0,    0,    0, 
EP, 91, 2024102706, 03, TABD, 102, 111N, 1404W,   0,    0,   ,   0,    ,    0,    0,    0,    0, 
EP, 91, 2024102706, 03, TABD, 108, 112N, 1413W,   0,    0,   ,   0,    ,    0,    0,    0,    0, 
EP, 91, 2024102706, 03, TABD, 114, 113N, 1421W,   0,    0,   ,   0,    ,    0,    0,    0,    0, 
EP, 91, 2024102706, 03, TABD, 120, 113N, 1429W,   0,    0,   ,   0,    ,    0,    0,    0,    0, 
EP, 91, 2024102706, 03, TABD, 126, 114N, 1436W,   0,    0,   ,   0,    ,    0,    0,    0,    0, 
EP, 91, 2024102706, 03, TABD, 132, 115N, 1443W,   0,    0,   ,   0,    ,    0,    0,    0,    0, 
EP, 91, 2024102706, 03, TABD, 138, 115N, 1448W,   0,    0,   ,   0,    ,    0,    0,    0,    0, 
EP, 91, 2024102706, 03, TABD, 144, 115N, 1453W,   0,    0,   ,   0,    ,    0,    0,    0,    0, 
EP, 91, 2024102706, 03, TABD, 150, 115N, 1458W,   0,    0,   ,   0,    ,    0,    0,    0,    0, 
EP, 91, 2024102706, 03, TABD, 156, 114N, 1463W,   0,    0,   ,   0,    ,    0,    0,    0,    0, 
EP, 91, 2024102706, 03, TABD, 162, 114N, 1469W,   0,    0,   ,   0,    ,    0,    0,    0,    0, 
EP, 91, 2024102706, 03, TABD, 168, 115N, 1475W,   0,    0,   ,   0,    ,    0,    0,    0,    0, 
EP, 91, 2024102706, 03, TABM,   0, 103N, 1170W,   0,    0,   ,   0,    ,    0,    0,    0,    0, 
EP, 91, 2024102706, 03, TABM,   6, 107N, 1188W,   0,    0,   ,   0,    ,    0,    0,    0,    0, 
EP, 91, 2024102706, 03, TABM,  12, 108N, 1205W,   0,    0,   ,   0,    ,    0,    0,    0,    0, 
EP, 91, 2024102706, 03, TABM,  18, 110N, 1222W,   0,    0,   ,   0,    ,    0,    0,    0,    0, 
EP, 91, 2024102706, 03, TABM,  24, 111N, 1238W,   0,    0,   ,   0,    ,    0,    0,    0,    0, 
EP, 91, 2024102706, 03, TABM,  30, 112N, 1253W,   0,    0,   ,   0,    ,    0,    0,    0,    0, 
EP, 91, 2024102706, 03, TABM,  36, 113N, 1266W,   0,    0,   ,   0,    ,    0,    0,    0,    0, 
EP, 91, 2024102706, 03, TABM,  42, 114N, 1278W,   0,    0,   ,   0,    ,    0,    0,    0,    0, 
EP, 91, 2024102706, 03, TABM,  48, 115N, 1290W,   0,    0,   ,   0,    ,    0,    0,    0,    0, 
EP, 91, 2024102706, 03, TABM,  54, 115N, 1301W,   0,    0,   ,   0,    ,    0,    0,    0,    0, 
EP, 91, 2024102706, 03, TABM,  60, 116N, 1313W,   0,    0,   ,   0,    ,    0,    0,    0,    0, 
EP, 91, 2024102706, 03, TABM,  66, 118N, 1324W,   0,    0,   ,   0,    ,    0,    0,    0,    0, 
EP, 91, 2024102706, 03, TABM,  72, 120N, 1334W,   0,    0,   ,   0,    ,    0,    0,    0,    0, 
EP, 91, 2024102706, 03, TABM,  78, 123N, 1345W,   0,    0,   ,   0,    ,    0,    0,    0,    0, 
EP, 91, 2024102706, 03, TABM,  84, 126N, 1355W,   0,    0,   ,   0,    ,    0,    0,    0,    0, 
EP, 91, 2024102706, 03, TABM,  90, 129N, 1364W,   0,    0,   ,   0,    ,    0,    0,    0,    0, 
EP, 91, 2024102706, 03, TABM,  96, 131N, 1372W,   0,    0,   ,   0,    ,    0,    0,    0,    0, 
EP, 91, 2024102706, 03, TABM, 102, 134N, 1380W,   0,    0,   ,   0,    ,    0,    0,    0,    0, 
EP, 91, 2024102706, 03, TABM, 108, 137N, 1387W,   0,    0,   ,   0,    ,    0,    0,    0,    0, 
EP, 91, 2024102706, 03, TABM, 114, 139N, 1393W,   0,    0,   ,   0,    ,    0,    0,    0,    0, 
EP, 91, 2024102706, 03, TABM, 120, 141N, 1398W,   0,    0,   ,   0,    ,    0,    0,    0,    0, 
EP, 91, 2024102706, 03, TABM, 126, 142N, 1403W,   0,    0,   ,   0,    ,    0,    0,    0,    0, 
EP, 91, 2024102706, 03, TABM, 132, 144N, 1407W,   0,    0,   ,   0,    ,    0,    0,    0,    0, 
EP, 91, 2024102706, 03, TABM, 138, 145N, 1410W,   0,    0,   ,   0,    ,    0,    0,    0,    0, 
EP, 91, 2024102706, 03, TABM, 144, 145N, 1414W,   0,    0,   ,   0,    ,    0,    0,    0,    0, 
EP, 91, 2024102706, 03, TABM, 150, 145N, 1418W,   0,    0,   ,   0,    ,    0,    0,    0,    0, 
EP, 91, 2024102706, 03, TABM, 156, 144N, 1423W,   0,    0,   ,   0,    ,    0,    0,    0,    0, 
EP, 91, 2024102706, 03, TABM, 162, 144N, 1429W,   0,    0,   ,   0,    ,    0,    0,    0,    0, 
EP, 91, 2024102706, 03, TABM, 168, 144N, 1438W,   0,    0,   ,   0,    ,    0,    0,    0,    0, 
EP, 91, 2024102706, 03, TABS,   0, 103N, 1170W,   0,    0,   ,   0,    ,    0,    0,    0,    0, 
EP, 91, 2024102706, 03, TABS,   6, 107N, 1187W,   0,    0,   ,   0,    ,    0,    0,    0,    0, 
EP, 91, 2024102706, 03, TABS,  12, 109N, 1203W,   0,    0,   ,   0,    ,    0,    0,    0,    0, 
EP, 91, 2024102706, 03, TABS,  18, 110N, 1219W,   0,    0,   ,   0,    ,    0,    0,    0,    0, 
EP, 91, 2024102706, 03, TABS,  24, 112N, 1234W,   0,    0,   ,   0,    ,    0,    0,    0,    0, 
EP, 91, 2024102706, 03, TABS,  30, 114N, 1248W,   0,    0,   ,   0,    ,    0,    0,    0,    0, 
EP, 91, 2024102706, 03, TABS,  36, 115N, 1260W,   0,    0,   ,   0,    ,    0,    0,    0,    0, 
EP, 91, 2024102706, 03, TABS,  42, 117N, 1271W,   0,    0,   ,   0,    ,    0,    0,    0,    0, 
EP, 91, 2024102706, 03, TABS,  48, 119N, 1282W,   0,    0,   ,   0,    ,    0,    0,    0,    0, 
EP, 91, 2024102706, 03, TABS,  54, 120N, 1292W,   0,    0,   ,   0,    ,    0,    0,    0,    0, 
EP, 91, 2024102706, 03, TABS,  60, 123N, 1303W,   0,    0,   ,   0,    ,    0,    0,    0,    0, 
EP, 91, 2024102706, 03, TABS,  66, 126N, 1314W,   0,    0,   ,   0,    ,    0,    0,    0,    0, 
EP, 91, 2024102706, 03, TABS,  72, 129N, 1325W,   0,    0,   ,   0,    ,    0,    0,    0,    0, 
EP, 91, 2024102706, 03, TABS,  78, 132N, 1336W,   0,    0,   ,   0,    ,    0,    0,    0,    0, 
EP, 91, 2024102706, 03, TABS,  84, 136N, 1348W,   0,    0,   ,   0,    ,    0,    0,    0,    0, 
EP, 91, 2024102706, 03, TABS,  90, 139N, 1358W,   0,    0,   ,   0,    ,    0,    0,    0,    0, 
EP, 91, 2024102706, 03, TABS,  96, 142N, 1369W,   0,    0,   ,   0,    ,    0,    0,    0,    0, 
EP, 91, 2024102706, 03, TABS, 102, 145N, 1379W,   0,    0,   ,   0,    ,    0,    0,    0,    0, 
EP, 91, 2024102706, 03, TABS, 108, 149N, 1389W,   0,    0,   ,   0,    ,    0,    0,    0,    0, 
EP, 91, 2024102706, 03, TABS, 114, 152N, 1398W,   0,    0,   ,   0,    ,    0,    0,    0,    0, 
EP, 91, 2024102706, 03, TABS, 120, 155N, 1407W,   0,    0,   ,   0,    ,    0,    0,    0,    0, 
EP, 91, 2024102706, 03, TABS, 126, 156N, 1416W,   0,    0,   ,   0,    ,    0,    0,    0,    0, 
EP, 91, 2024102706, 03, TABS, 132, 158N, 1424W,   0,    0,   ,   0,    ,    0,    0,    0,    0, 
EP, 91, 2024102706, 03, TABS, 138, 159N, 1432W,   0,    0,   ,   0,    ,    0,    0,    0,    0, 
EP, 91, 2024102706, 03, TABS, 144, 160N, 1440W,   0,    0,   ,   0,    ,    0,    0,    0,    0, 
EP, 91, 2024102706, 03, TABS, 150, 161N, 1450W,   0,    0,   ,   0,    ,    0,    0,    0,    0, 
EP, 91, 2024102706, 03, TABS, 156, 162N, 1461W,   0,    0,   ,   0,    ,    0,    0,    0,    0, 
EP, 91, 2024102706, 03, TABS, 162, 165N, 1472W,   0,    0,   ,   0,    ,    0,    0,    0,    0, 
EP, 91, 2024102706, 03, TABS, 168, 168N, 1484W,   0,    0,   ,   0,    ,    0,    0,    0,    0, 
EP, 91, 2024102706, 03, TCLP,   0, 103N, 1170W,  30,    0,   ,   0,    ,    0,    0,    0,    0, 
EP, 91, 2024102706, 03, TCLP,  12, 108N, 1199W,  30,    0,   ,   0,    ,    0,    0,    0,    0, 
EP, 91, 2024102706, 03, TCLP,  24, 113N, 1224W,  31,    0,   ,   0,    ,    0,    0,    0,    0, 
EP, 91, 2024102706, 03, TCLP,  36, 118N, 1246W,  31,    0,   ,   0,    ,    0,    0,    0,    0, 
EP, 91, 2024102706, 03, TCLP,  48, 122N, 1266W,  31,    0,   ,   0,    ,    0,    0,    0,    0, 
EP, 91, 2024102706, 03, TCLP,  60, 126N, 1283W,  30,    0,   ,   0,    ,    0,    0,    0,    0, 
EP, 91, 2024102706, 03, TCLP,  72, 130N, 1299W,  30,    0,   ,   0,    ,    0,    0,    0,    0, 
EP, 91, 2024102706, 03, TCLP,  84, 133N, 1314W,  30,    0,   ,   0,    ,    0,    0,    0,    0, 
EP, 91, 2024102706, 03, TCLP,  96, 137N, 1329W,  29,    0,   ,   0,    ,    0,    0,    0,    0, 
EP, 91, 2024102706, 03, TCLP, 108, 140N, 1343W,  28,    0,   ,   0,    ,    0,    0,    0,    0, 
EP, 91, 2024102706, 03, TCLP, 120, 143N, 1356W,  27,    0,   ,   0,    ,    0,    0,    0,    0, 
EP, 91, 2024102706, 03, TCLP, 132, 146N, 1370W,  27,    0,   ,   0,    ,    0,    0,    0,    0, 
EP, 91, 2024102706, 03, TCLP, 144, 149N, 1382W,  26,    0,   ,   0,    ,    0,    0,    0,    0, 
EP, 91, 2024102706, 03, TCLP, 156, 153N, 1395W,  25,    0,   ,   0,    ,    0,    0,    0,    0, 
EP, 91, 2024102706, 03, TCLP, 168, 156N, 1407W,  24,    0,   ,   0,    ,    0,    0,    0,    0, 
EP, 91, 2024102706, 03, TCLP, 180, 160N, 1418W,  24,    0,   ,   0,    ,    0,    0,    0,    0, 
EP, 91, 2024102706, 03, TCLP, 192, 164N, 1428W,  23,    0,   ,   0,    ,    0,    0,    0,    0, 
EP, 91, 2024102706, 03, TCLP, 204, 169N, 1438W,  22,    0,   ,   0,    ,    0,    0,    0,    0, 
EP, 91, 2024102706, 03, TCLP, 216, 173N, 1446W,  21,    0,   ,   0,    ,    0,    0,    0,    0, 
EP, 91, 2024102706, 03, TCLP, 228, 178N, 1454W,  21,    0,   ,   0,    ,    0,    0,    0,    0, 
EP, 91, 2024102706, 03, TCLP, 240, 184N, 1461W,  20,    0,   ,   0,    ,    0,    0,    0,    0, 
EP, 91, 2024102706, 03, XTRP,   0, 103N, 1170W,   0,    0,   ,   0,    ,    0,    0,    0,    0, 
EP, 91, 2024102706, 03, XTRP,  12, 115N, 1203W,   0,    0,   ,   0,    ,    0,    0,    0,    0, 
EP, 91, 2024102706, 03, XTRP,  24, 127N, 1237W,   0,    0,   ,   0,    ,    0,    0,    0,    0, 
EP, 91, 2024102706, 03, XTRP,  36, 140N, 1272W,   0,    0,   ,   0,    ,    0,    0,    0,    0, 
EP, 91, 2024102706, 03, XTRP,  48, 152N, 1306W,   0,    0,   ,   0,    ,    0,    0,    0,    0, 
EP, 91, 2024102706, 03, XTRP,  60, 164N, 1341W,   0,    0,   ,   0,    ,    0,    0,    0,    0, 
EP, 91, 2024102706, 03, XTRP,  72, 176N, 1376W,   0,    0,   ,   0,    ,    0,    0,    0,    0, 
EP, 91, 2024102706, 03, XTRP,  84, 188N, 1411W,   0,    0,   ,   0,    ,    0,    0,    0,    0, 
EP, 91, 2024102706, 03, XTRP,  96, 200N, 1447W,   0,    0,   ,   0,    ,    0,    0,    0,    0, 
EP, 91, 2024102706, 03, XTRP, 108, 213N, 1482W,   0,    0,   ,   0,    ,    0,    0,    0,    0, 
EP, 91, 2024102706, 03, XTRP, 120, 225N, 1518W,   0,    0,   ,   0,    ,    0,    0,    0,    0, 
EP, 91, 2024102706, 03, XTRP, 132, 237N, 1555W,   0,    0,   ,   0,    ,    0,    0,    0,    0, 
EP, 91, 2024102706, 03, XTRP, 144, 249N, 1592W,   0,    0,   ,   0,    ,    0,    0,    0,    0, 
EP, 91, 2024102706, 03, XTRP, 156, 261N, 1629W,   0,    0,   ,   0,    ,    0,    0,    0,    0, 
EP, 91, 2024102706, 03, XTRP, 168, 273N, 1666W,   0,    0,   ,   0,    ,    0,    0,    0,    0, 
