AL, 95, 2024091500, 01, CARQ, -24, 309N,  751W,  25,    0, DB,  34, AAA,    0,    0,    0,    0,    0,    0,   0,   0,   0,   L,   0,   X,   0,   0,     INVEST,  , 
AL, 95, 2024091500, 01, CARQ, -18, 308N,  753W,  25,    0, DB,  34, AAA,    0,    0,    0,    0,    0,    0,   0,   0,   0,   L,   0,   X,   0,   0,     INVEST,  , 
AL, 95, 2024091500, 01, CARQ, -12, 307N,  755W,  25,    0, DB,  34, AAA,    0,    0,    0,    0,    0,    0,   0,   0,   0,   L,   0,   X, 254,   2,     INVEST,  , 
AL, 95, 2024091500, 01, CARQ,  -6, 307N,  757W,  25,    0, DB,  34, AAA,    0,    0,    0,    0,    0,    0,   0,   0,   0,   L,   0,   X,   0,   0,     INVEST,  , 
AL, 95, 2024091500, 01, CARQ,   0, 308N,  759W,  25, 1009, DB,  34, NEQ,    0,    0,    0,    0, 1010,  150,   0,   0,   0,   L,   0,   X, 270,   2,     INVEST, S, 
AL, 95, 2024091500, 01, CARQ,   0, 308N,  759W,  25, 1009, DB,  50, NEQ,    0,    0,    0,    0, 1010,  150,   0,   0,   0,   L,   0,   X, 270,   2,     INVEST, S, 
AL, 95, 2024091500, 01, CARQ,   0, 308N,  759W,  25, 1009, DB,  64, NEQ,    0,    0,    0,    0, 1010,  150,   0,   0,   0,   L,   0,   X, 270,   2,     INVEST, S, 
AL, 95, 2024091500, 03, CLP5,  12, 310N,  762W,   0,    0,   ,   0,    ,    0,    0,    0,    0, 
AL, 95, 2024091500, 03, CLP5,  24, 314N,  762W,   0,    0,   ,   0,    ,    0,    0,    0,    0, 
AL, 95, 2024091500, 03, CLP5,  36, 319N,  760W,   0,    0,   ,   0,    ,    0,    0,    0,    0, 
AL, 95, 2024091500, 03, CLP5,  48, 327N,  756W,   0,    0,   ,   0,    ,    0,    0,    0,    0, 
AL, 95, 2024091500, 03, CLP5,  60, 336N,  747W,   0,    0,   ,   0,    ,    0,    0,    0,    0, 
AL, 95, 2024091500, 03, CLP5,  72, 345N,  737W,   0,    0,   ,   0,    ,    0,    0,    0,    0, 
AL, 95, 2024091500, 03, CLP5,  84, 353N,  727W,   0,    0,   ,   0,    ,    0,    0,    0,    0, 
AL, 95, 2024091500, 03, CLP5,  96, 362N,  713W,   0,    0,   ,   0,    ,    0,    0,    0,    0, 
AL, 95, 2024091500, 03, CLP5, 108, 372N,  700W,   0,    0,   ,   0,    ,    0,    0,    0,    0, 
AL, 95, 2024091500, 03, CLP5, 120, 379N,  687W,   0,    0,   ,   0,    ,    0,    0,    0,    0, 
AL, 95, 2024091500, 03, DSHP,   0, 308N,  758W,  25,    0, EX,   0,    ,    0,    0,    0,    0, 
AL, 95, 2024091500, 03, DSHP,  12, 310N,  757W,  30,    0, EX,   0,    ,    0,    0,    0,    0, 
AL, 95, 2024091500, 03, DSHP,  24, 320N,  756W,  36,    0, TS,   0,    ,    0,    0,    0,    0, 
AL, 95, 2024091500, 03, DSHP,  36, 337N,  756W,  40,    0, TS,   0,    ,    0,    0,    0,    0, 
AL, 95, 2024091500, 03, DSHP,  48, 363N,  765W,  34,    0, EX,   0,    ,    0,    0,    0,    0, 
AL, 95, 2024091500, 03, DSHP,  60, 391N,  777W,  29,    0, EX,   0,    ,    0,    0,    0,    0, 
AL, 95, 2024091500, 03, DSHP,  72, 417N,  787W,  30,    0, EX,   0,    ,    0,    0,    0,    0, 
AL, 95, 2024091500, 03, DSHP,  84, 439N,  792W,  30,    0, EX,   0,    ,    0,    0,    0,    0, 
AL, 95, 2024091500, 03, DSHP,  96, 452N,  791W,  30,    0, EX,   0,    ,    0,    0,    0,    0, 
AL, 95, 2024091500, 03, DSHP, 108, 452N,  792W,  30,    0, EX,   0,    ,    0,    0,    0,    0, 
AL, 95, 2024091500, 03, DSHP, 120, 444N,  807W,  30,    0, EX,   0,    ,    0,    0,    0,    0, 
AL, 95, 2024091500, 03, DSHP, 132, 434N,  836W,  30,    0, EX,   0,    ,    0,    0,    0,    0, 
AL, 95, 2024091500, 03, DSHP, 144, 440N,  865W,  30,    0, EX,   0,    ,    0,    0,    0,    0, 
AL, 95, 2024091500, 03, DSHP, 156, 479N,  885W,  30,    0, EX,   0,    ,    0,    0,    0,    0, 
AL, 95, 2024091500, 03, DSHP, 168, 532N,  885W,  30,    0, EX,   0,    ,    0,    0,    0,    0, 
AL, 95, 2024091500, 03, IVCN,   0,   0N,    0W,  25,    0,   ,   0,    ,    0,    0,    0,    0, 
AL, 95, 2024091500, 03, IVCN,  12,   0N,    0W,  28,    0,   ,   0,    ,    0,    0,    0,    0, 
AL, 95, 2024091500, 03, IVCN,  24,   0N,    0W,  31,    0,   ,   0,    ,    0,    0,    0,    0, 
AL, 95, 2024091500, 03, IVCN,  36,   0N,    0W,  32,    0,   ,   0,    ,    0,    0,    0,    0, 
AL, 95, 2024091500, 03, IVCN,  48,   0N,    0W,  28,    0,   ,   0,    ,    0,    0,    0,    0, 
AL, 95, 2024091500, 03, IVCN,  60,   0N,    0W,  28,    0,   ,   0,    ,    0,    0,    0,    0, 
AL, 95, 2024091500, 03, IVCN,  72,   0N,    0W,  30,    0,   ,   0,    ,    0,    0,    0,    0, 
AL, 95, 2024091500, 03, IVCN,  84,   0N,    0W,  30,    0,   ,   0,    ,    0,    0,    0,    0, 
AL, 95, 2024091500, 03, IVCN,  96,   0N,    0W,  30,    0,   ,   0,    ,    0,    0,    0,    0, 
AL, 95, 2024091500, 03, IVCN, 108,   0N,    0W,  30,    0,   ,   0,    ,    0,    0,    0,    0, 
AL, 95, 2024091500, 03, IVCN, 120,   0N,    0W,  30,    0,   ,   0,    ,    0,    0,    0,    0, 
AL, 95, 2024091500, 03, IVCN, 132,   0N,    0W,  30,    0,   ,   0,    ,    0,    0,    0,    0, 
AL, 95, 2024091500, 03, IVCN, 144,   0N,    0W,  30,    0,   ,   0,    ,    0,    0,    0,    0, 
AL, 95, 2024091500, 03, IVCN, 156,   0N,    0W,  30,    0,   ,   0,    ,    0,    0,    0,    0, 
AL, 95, 2024091500, 03, IVCN, 168,   0N,    0W,  30,    0,   ,   0,    ,    0,    0,    0,    0, 
AL, 95, 2024091500, 03, LGEM,   0, 308N,  758W,  25,    0, EX,   0,    ,    0,    0,    0,    0, 
AL, 95, 2024091500, 03, LGEM,  12, 310N,  757W,  25,    0, EX,   0,    ,    0,    0,    0,    0, 
AL, 95, 2024091500, 03, LGEM,  24, 320N,  756W,  25,    0, TD,   0,    ,    0,    0,    0,    0, 
AL, 95, 2024091500, 03, LGEM,  36, 337N,  756W,  24,    0, TD,   0,    ,    0,    0,    0,    0, 
AL, 95, 2024091500, 03, LGEM,  48, 363N,  765W,  22,    0, EX,   0,    ,    0,    0,    0,    0, 
AL, 95, 2024091500, 03, LGEM,  60, 391N,  777W,  27,    0, EX,   0,    ,    0,    0,    0,    0, 
AL, 95, 2024091500, 03, LGEM,  72, 417N,  787W,  29,    0, EX,   0,    ,    0,    0,    0,    0, 
AL, 95, 2024091500, 03, LGEM,  84, 439N,  792W,  30,    0, EX,   0,    ,    0,    0,    0,    0, 
AL, 95, 2024091500, 03, LGEM,  96, 452N,  791W,  30,    0, EX,   0,    ,    0,    0,    0,    0, 
AL, 95, 2024091500, 03, LGEM, 108, 452N,  792W,  30,    0, EX,   0,    ,    0,    0,    0,    0, 
AL, 95, 2024091500, 03, LGEM, 120, 444N,  807W,  30,    0, EX,   0,    ,    0,    0,    0,    0, 
AL, 95, 2024091500, 03, LGEM, 132, 434N,  836W,  30,    0, EX,   0,    ,    0,    0,    0,    0, 
AL, 95, 2024091500, 03, LGEM, 144, 440N,  865W,  30,    0, EX,   0,    ,    0,    0,    0,    0, 
AL, 95, 2024091500, 03, LGEM, 156, 479N,  885W,  30,    0, EX,   0,    ,    0,    0,    0,    0, 
AL, 95, 2024091500, 03, LGEM, 168, 532N,  885W,  30,    0, EX,   0,    ,    0,    0,    0,    0, 
AL, 95, 2024091500, 03, NNIB,   0, 308N,  759W,  25,    0, TD,   0,    ,    0,    0,    0,    0, 
AL, 95, 2024091500, 03, NNIB,  12, 309N,  759W,  28,    0, TD,   0,    ,    0,    0,    0,    0, 
AL, 95, 2024091500, 03, NNIB,  24, 310N,  758W,  31,    0, TD,   0,    ,    0,    0,    0,    0, 
AL, 95, 2024091500, 03, NNIB,  36, 314N,  756W,  32,    0, TD,   0,    ,    0,    0,    0,    0, 
AL, 95, 2024091500, 03, NNIB,  48, 320N,  756W,  28,    0, TD,   0,    ,    0,    0,    0,    0, 
AL, 95, 2024091500, 03, NNIB,  60, 327N,  756W,  28,    0, TD,   0,    ,    0,    0,    0,    0, 
AL, 95, 2024091500, 03, NNIB,  72, 337N,  757W,  30,    0, TD,   0,    ,    0,    0,    0,    0, 
AL, 95, 2024091500, 03, NNIB,  84, 349N,  760W,  30,    0, TD,   0,    ,    0,    0,    0,    0, 
AL, 95, 2024091500, 03, NNIB,  96, 363N,  765W,  30,    0, TD,   0,    ,    0,    0,    0,    0, 
AL, 95, 2024091500, 03, NNIB, 108, 377N,  771W,  30,    0, TD,   0,    ,    0,    0,    0,    0, 
AL, 95, 2024091500, 03, NNIB, 120, 391N,  778W,  30,    0, TD,   0,    ,    0,    0,    0,    0, 
AL, 95, 2024091500, 03, NNIB, 132, 404N,  783W,  30,    0, TD,   0,    ,    0,    0,    0,    0, 
AL, 95, 2024091500, 03, NNIB, 144, 417N,  788W,  30,    0, TD,   0,    ,    0,    0,    0,    0, 
AL, 95, 2024091500, 03, NNIB, 156, 428N,  792W,  30,    0, TD,   0,    ,    0,    0,    0,    0, 
AL, 95, 2024091500, 03, NNIB, 168, 439N,  793W,  30,    0, TD,   0,    ,    0,    0,    0,    0, 
AL, 95, 2024091500, 03, NNIC,   0, 308N,  759W,  25,    0, TD,   0,    ,    0,    0,    0,    0, 
AL, 95, 2024091500, 03, NNIC,  12, 309N,  759W,  29,    0, TD,   0,    ,    0,    0,    0,    0, 
AL, 95, 2024091500, 03, NNIC,  24, 310N,  758W,  33,    0, TD,   0,    ,    0,    0,    0,    0, 
AL, 95, 2024091500, 03, NNIC,  36, 314N,  756W,  38,    0, TS,   0,    ,    0,    0,    0,    0, 
AL, 95, 2024091500, 03, NNIC,  48, 320N,  756W,  33,    0, TD,   0,    ,    0,    0,    0,    0, 
AL, 95, 2024091500, 03, NNIC,  60, 327N,  756W,  34,    0, TS,   0,    ,    0,    0,    0,    0, 
AL, 95, 2024091500, 03, NNIC,  72, 337N,  757W,  29,    0, TD,   0,    ,    0,    0,    0,    0, 
AL, 95, 2024091500, 03, NNIC,  84, 349N,  760W,  32,    0, TD,   0,    ,    0,    0,    0,    0, 
AL, 95, 2024091500, 03, NNIC,  96, 363N,  765W,  36,    0, TS,   0,    ,    0,    0,    0,    0, 
AL, 95, 2024091500, 03, NNIC, 108, 377N,  771W,  31,    0, TD,   0,    ,    0,    0,    0,    0, 
AL, 95, 2024091500, 03, NNIC, 120, 391N,  778W,  60,    0, TS,   0,    ,    0,    0,    0,    0, 
AL, 95, 2024091500, 03, NNIC, 132, 404N,  783W,  36,    0, TS,   0,    ,    0,    0,    0,    0, 
AL, 95, 2024091500, 03, NNIC, 144, 417N,  788W,  30,    0, TD,   0,    ,    0,    0,    0,    0, 
AL, 95, 2024091500, 03, NNIC, 156, 428N,  792W,  34,    0, TS,   0,    ,    0,    0,    0,    0, 
AL, 95, 2024091500, 03, NNIC, 168, 439N,  793W,  50,    0, TS,   0,    ,    0,    0,    0,    0, 
AL, 95, 2024091500, 03, OCD5,   0, 308N,  759W,  25,    0,   ,   0,    ,    0,    0,    0,    0, 
AL, 95, 2024091500, 03, OCD5,  12, 310N,  762W,  30,    0,   ,   0,    ,    0,    0,    0,    0, 
AL, 95, 2024091500, 03, OCD5,  24, 314N,  762W,  36,    0,   ,   0,    ,    0,    0,    0,    0, 
AL, 95, 2024091500, 03, OCD5,  36, 319N,  760W,  44,    0,   ,   0,    ,    0,    0,    0,    0, 
AL, 95, 2024091500, 03, OCD5,  48, 327N,  756W,  50,    0,   ,   0,    ,    0,    0,    0,    0, 
AL, 95, 2024091500, 03, OCD5,  60, 336N,  747W,  54,    0,   ,   0,    ,    0,    0,    0,    0, 
AL, 95, 2024091500, 03, OCD5,  72, 345N,  737W,  57,    0,   ,   0,    ,    0,    0,    0,    0, 
AL, 95, 2024091500, 03, OCD5,  84, 353N,  727W,  59,    0,   ,   0,    ,    0,    0,    0,    0, 
AL, 95, 2024091500, 03, OCD5,  96, 362N,  713W,  63,    0,   ,   0,    ,    0,    0,    0,    0, 
AL, 95, 2024091500, 03, OCD5, 108, 372N,  700W,  61,    0,   ,   0,    ,    0,    0,    0,    0, 
AL, 95, 2024091500, 03, OCD5, 120, 379N,  687W,  61,    0,   ,   0,    ,    0,    0,    0,    0, 
AL, 95, 2024091500, 03, SHF5,   0,   0N,    0W,  25,    0,   ,   0,    ,    0,    0,    0,    0, 
AL, 95, 2024091500, 03, SHF5,  12,   0N,    0W,  30,    0,   ,   0,    ,    0,    0,    0,    0, 
AL, 95, 2024091500, 03, SHF5,  24,   0N,    0W,  36,    0,   ,   0,    ,    0,    0,    0,    0, 
AL, 95, 2024091500, 03, SHF5,  36,   0N,    0W,  44,    0,   ,   0,    ,    0,    0,    0,    0, 
AL, 95, 2024091500, 03, SHF5,  48,   0N,    0W,  50,    0,   ,   0,    ,    0,    0,    0,    0, 
AL, 95, 2024091500, 03, SHF5,  60,   0N,    0W,  54,    0,   ,   0,    ,    0,    0,    0,    0, 
AL, 95, 2024091500, 03, SHF5,  72,   0N,    0W,  57,    0,   ,   0,    ,    0,    0,    0,    0, 
AL, 95, 2024091500, 03, SHF5,  84,   0N,    0W,  59,    0,   ,   0,    ,    0,    0,    0,    0, 
AL, 95, 2024091500, 03, SHF5,  96,   0N,    0W,  63,    0,   ,   0,    ,    0,    0,    0,    0, 
AL, 95, 2024091500, 03, SHF5, 108,   0N,    0W,  61,    0,   ,   0,    ,    0,    0,    0,    0, 
AL, 95, 2024091500, 03, SHF5, 120,   0N,    0W,  61,    0,   ,   0,    ,    0,    0,    0,    0, 
AL, 95, 2024091500, 03, SHIP,   0, 308N,  758W,  25,    0, EX,   0,    ,    0,    0,    0,    0, 
AL, 95, 2024091500, 03, SHIP,  12, 310N,  757W,  30,    0, EX,   0,    ,    0,    0,    0,    0, 
AL, 95, 2024091500, 03, SHIP,  24, 320N,  756W,  36,    0, TS,   0,    ,    0,    0,    0,    0, 
AL, 95, 2024091500, 03, SHIP,  36, 337N,  756W,  40,    0, TS,   0,    ,    0,    0,    0,    0, 
AL, 95, 2024091500, 03, SHIP,  48, 363N,  765W,  41,    0, EX,   0,    ,    0,    0,    0,    0, 
AL, 95, 2024091500, 03, SHIP,  60, 391N,  777W,  37,    0, EX,   0,    ,    0,    0,    0,    0, 
AL, 95, 2024091500, 03, SHIP,  72, 417N,  787W,  34,    0, EX,   0,    ,    0,    0,    0,    0, 
AL, 95, 2024091500, 03, SHIP,  84, 439N,  792W,  29,    0, EX,   0,    ,    0,    0,    0,    0, 
AL, 95, 2024091500, 03, SHIP,  96, 452N,  791W,  24,    0, EX,   0,    ,    0,    0,    0,    0, 
AL, 95, 2024091500, 03, SHIP, 108, 452N,  792W,  20,    0, EX,   0,    ,    0,    0,    0,    0, 
AL, 95, 2024091500, 03, SHIP, 120, 444N,  807W,  26,    0, EX,   0,    ,    0,    0,    0,    0, 
AL, 95, 2024091500, 03, SHIP, 132, 434N,  836W,  26,    0, EX,   0,    ,    0,    0,    0,    0, 
AL, 95, 2024091500, 03, SHIP, 144, 440N,  865W,  26,    0, EX,   0,    ,    0,    0,    0,    0, 
AL, 95, 2024091500, 03, SHIP, 156, 479N,  885W,  23,    0, EX,   0,    ,    0,    0,    0,    0, 
AL, 95, 2024091500, 03, SHIP, 168, 532N,  885W,  28,    0, EX,   0,    ,    0,    0,    0,    0, 
AL, 95, 2024091500, 03, TABD,   0, 308N,  759W,   0,    0,   ,   0,    ,    0,    0,    0,    0, 
AL, 95, 2024091500, 03, TABD,   6, 311N,  756W,   0,    0,   ,   0,    ,    0,    0,    0,    0, 
AL, 95, 2024091500, 03, TABD,  12, 315N,  751W,   0,    0,   ,   0,    ,    0,    0,    0,    0, 
AL, 95, 2024091500, 03, TABD,  18, 321N,  746W,   0,    0,   ,   0,    ,    0,    0,    0,    0, 
AL, 95, 2024091500, 03, TABD,  24, 328N,  743W,   0,    0,   ,   0,    ,    0,    0,    0,    0, 
AL, 95, 2024091500, 03, TABD,  30, 337N,  742W,   0,    0,   ,   0,    ,    0,    0,    0,    0, 
AL, 95, 2024091500, 03, TABD,  36, 347N,  742W,   0,    0,   ,   0,    ,    0,    0,    0,    0, 
AL, 95, 2024091500, 03, TABD,  42, 358N,  745W,   0,    0,   ,   0,    ,    0,    0,    0,    0, 
AL, 95, 2024091500, 03, TABD,  48, 369N,  748W,   0,    0,   ,   0,    ,    0,    0,    0,    0, 
AL, 95, 2024091500, 03, TABD,  54, 382N,  750W,   0,    0,   ,   0,    ,    0,    0,    0,    0, 
AL, 95, 2024091500, 03, TABD,  60, 394N,  751W,   0,    0,   ,   0,    ,    0,    0,    0,    0, 
AL, 95, 2024091500, 03, TABD,  66, 406N,  750W,   0,    0,   ,   0,    ,    0,    0,    0,    0, 
AL, 95, 2024091500, 03, TABD,  72, 416N,  745W,   0,    0,   ,   0,    ,    0,    0,    0,    0, 
AL, 95, 2024091500, 03, TABD,  78, 424N,  738W,   0,    0,   ,   0,    ,    0,    0,    0,    0, 
AL, 95, 2024091500, 03, TABD,  84, 431N,  728W,   0,    0,   ,   0,    ,    0,    0,    0,    0, 
AL, 95, 2024091500, 03, TABD,  90, 436N,  713W,   0,    0,   ,   0,    ,    0,    0,    0,    0, 
AL, 95, 2024091500, 03, TABD,  96, 439N,  693W,   0,    0,   ,   0,    ,    0,    0,    0,    0, 
AL, 95, 2024091500, 03, TABD, 102, 438N,  669W,   0,    0,   ,   0,    ,    0,    0,    0,    0, 
AL, 95, 2024091500, 03, TABD, 108, 436N,  640W,   0,    0,   ,   0,    ,    0,    0,    0,    0, 
AL, 95, 2024091500, 03, TABD, 114, 432N,  605W,   0,    0,   ,   0,    ,    0,    0,    0,    0, 
AL, 95, 2024091500, 03, TABD, 120, 426N,  565W,   0,    0,   ,   0,    ,    0,    0,    0,    0, 
AL, 95, 2024091500, 03, TABD, 126, 422N,  522W,   0,    0,   ,   0,    ,    0,    0,    0,    0, 
AL, 95, 2024091500, 03, TABD, 132, 420N,  478W,   0,    0,   ,   0,    ,    0,    0,    0,    0, 
AL, 95, 2024091500, 03, TABD, 138, 422N,  431W,   0,    0,   ,   0,    ,    0,    0,    0,    0, 
AL, 95, 2024091500, 03, TABD, 144, 428N,  384W,   0,    0,   ,   0,    ,    0,    0,    0,    0, 
AL, 95, 2024091500, 03, TABD, 150, 436N,  340W,   0,    0,   ,   0,    ,    0,    0,    0,    0, 
AL, 95, 2024091500, 03, TABD, 156, 443N,  301W,   0,    0,   ,   0,    ,    0,    0,    0,    0, 
AL, 95, 2024091500, 03, TABD, 162, 447N,  268W,   0,    0,   ,   0,    ,    0,    0,    0,    0, 
AL, 95, 2024091500, 03, TABD, 168, 446N,  240W,   0,    0,   ,   0,    ,    0,    0,    0,    0, 
AL, 95, 2024091500, 03, TABM,   0, 308N,  759W,   0,    0,   ,   0,    ,    0,    0,    0,    0, 
AL, 95, 2024091500, 03, TABM,   6, 309N,  759W,   0,    0,   ,   0,    ,    0,    0,    0,    0, 
AL, 95, 2024091500, 03, TABM,  12, 310N,  758W,   0,    0,   ,   0,    ,    0,    0,    0,    0, 
AL, 95, 2024091500, 03, TABM,  18, 314N,  756W,   0,    0,   ,   0,    ,    0,    0,    0,    0, 
AL, 95, 2024091500, 03, TABM,  24, 320N,  756W,   0,    0,   ,   0,    ,    0,    0,    0,    0, 
AL, 95, 2024091500, 03, TABM,  30, 327N,  756W,   0,    0,   ,   0,    ,    0,    0,    0,    0, 
AL, 95, 2024091500, 03, TABM,  36, 337N,  757W,   0,    0,   ,   0,    ,    0,    0,    0,    0, 
AL, 95, 2024091500, 03, TABM,  42, 349N,  760W,   0,    0,   ,   0,    ,    0,    0,    0,    0, 
AL, 95, 2024091500, 03, TABM,  48, 363N,  765W,   0,    0,   ,   0,    ,    0,    0,    0,    0, 
AL, 95, 2024091500, 03, TABM,  54, 377N,  771W,   0,    0,   ,   0,    ,    0,    0,    0,    0, 
AL, 95, 2024091500, 03, TABM,  60, 391N,  778W,   0,    0,   ,   0,    ,    0,    0,    0,    0, 
AL, 95, 2024091500, 03, TABM,  66, 404N,  783W,   0,    0,   ,   0,    ,    0,    0,    0,    0, 
AL, 95, 2024091500, 03, TABM,  72, 417N,  788W,   0,    0,   ,   0,    ,    0,    0,    0,    0, 
AL, 95, 2024091500, 03, TABM,  78, 428N,  792W,   0,    0,   ,   0,    ,    0,    0,    0,    0, 
AL, 95, 2024091500, 03, TABM,  84, 439N,  793W,   0,    0,   ,   0,    ,    0,    0,    0,    0, 
AL, 95, 2024091500, 03, TABM,  90, 447N,  792W,   0,    0,   ,   0,    ,    0,    0,    0,    0, 
AL, 95, 2024091500, 03, TABM,  96, 452N,  791W,   0,    0,   ,   0,    ,    0,    0,    0,    0, 
AL, 95, 2024091500, 03, TABM, 102, 454N,  790W,   0,    0,   ,   0,    ,    0,    0,    0,    0, 
AL, 95, 2024091500, 03, TABM, 108, 452N,  793W,   0,    0,   ,   0,    ,    0,    0,    0,    0, 
AL, 95, 2024091500, 03, TABM, 114, 449N,  799W,   0,    0,   ,   0,    ,    0,    0,    0,    0, 
AL, 95, 2024091500, 03, TABM, 120, 444N,  808W,   0,    0,   ,   0,    ,    0,    0,    0,    0, 
AL, 95, 2024091500, 03, TABM, 126, 439N,  822W,   0,    0,   ,   0,    ,    0,    0,    0,    0, 
AL, 95, 2024091500, 03, TABM, 132, 434N,  837W,   0,    0,   ,   0,    ,    0,    0,    0,    0, 
AL, 95, 2024091500, 03, TABM, 138, 434N,  852W,   0,    0,   ,   0,    ,    0,    0,    0,    0, 
AL, 95, 2024091500, 03, TABM, 144, 440N,  865W,   0,    0,   ,   0,    ,    0,    0,    0,    0, 
AL, 95, 2024091500, 03, TABM, 150, 454N,  877W,   0,    0,   ,   0,    ,    0,    0,    0,    0, 
AL, 95, 2024091500, 03, TABM, 156, 479N,  885W,   0,    0,   ,   0,    ,    0,    0,    0,    0, 
AL, 95, 2024091500, 03, TABM, 162, 506N,  889W,   0,    0,   ,   0,    ,    0,    0,    0,    0, 
AL, 95, 2024091500, 03, TABM, 168, 532N,  885W,   0,    0,   ,   0,    ,    0,    0,    0,    0, 
AL, 95, 2024091500, 03, TABS,   0, 308N,  759W,   0,    0,   ,   0,    ,    0,    0,    0,    0, 
AL, 95, 2024091500, 03, TABS,   6, 308N,  763W,   0,    0,   ,   0,    ,    0,    0,    0,    0, 
AL, 95, 2024091500, 03, TABS,  12, 310N,  770W,   0,    0,   ,   0,    ,    0,    0,    0,    0, 
AL, 95, 2024091500, 03, TABS,  18, 312N,  778W,   0,    0,   ,   0,    ,    0,    0,    0,    0, 
AL, 95, 2024091500, 03, TABS,  24, 315N,  785W,   0,    0,   ,   0,    ,    0,    0,    0,    0, 
AL, 95, 2024091500, 03, TABS,  30, 320N,  793W,   0,    0,   ,   0,    ,    0,    0,    0,    0, 
AL, 95, 2024091500, 03, TABS,  36, 327N,  799W,   0,    0,   ,   0,    ,    0,    0,    0,    0, 
AL, 95, 2024091500, 03, TABS,  42, 335N,  804W,   0,    0,   ,   0,    ,    0,    0,    0,    0, 
AL, 95, 2024091500, 03, TABS,  48, 344N,  809W,   0,    0,   ,   0,    ,    0,    0,    0,    0, 
AL, 95, 2024091500, 03, TABS,  54, 354N,  814W,   0,    0,   ,   0,    ,    0,    0,    0,    0, 
AL, 95, 2024091500, 03, TABS,  60, 365N,  817W,   0,    0,   ,   0,    ,    0,    0,    0,    0, 
AL, 95, 2024091500, 03, TABS,  66, 374N,  821W,   0,    0,   ,   0,    ,    0,    0,    0,    0, 
AL, 95, 2024091500, 03, TABS,  72, 383N,  825W,   0,    0,   ,   0,    ,    0,    0,    0,    0, 
AL, 95, 2024091500, 03, TABS,  78, 392N,  830W,   0,    0,   ,   0,    ,    0,    0,    0,    0, 
AL, 95, 2024091500, 03, TABS,  84, 399N,  833W,   0,    0,   ,   0,    ,    0,    0,    0,    0, 
AL, 95, 2024091500, 03, TABS,  90, 405N,  835W,   0,    0,   ,   0,    ,    0,    0,    0,    0, 
AL, 95, 2024091500, 03, TABS,  96, 409N,  837W,   0,    0,   ,   0,    ,    0,    0,    0,    0, 
AL, 95, 2024091500, 03, TABS, 102, 411N,  840W,   0,    0,   ,   0,    ,    0,    0,    0,    0, 
AL, 95, 2024091500, 03, TABS, 108, 411N,  842W,   0,    0,   ,   0,    ,    0,    0,    0,    0, 
AL, 95, 2024091500, 03, TABS, 114, 409N,  846W,   0,    0,   ,   0,    ,    0,    0,    0,    0, 
AL, 95, 2024091500, 03, TABS, 120, 406N,  851W,   0,    0,   ,   0,    ,    0,    0,    0,    0, 
AL, 95, 2024091500, 03, TABS, 126, 401N,  857W,   0,    0,   ,   0,    ,    0,    0,    0,    0, 
AL, 95, 2024091500, 03, TABS, 132, 397N,  864W,   0,    0,   ,   0,    ,    0,    0,    0,    0, 
AL, 95, 2024091500, 03, TABS, 138, 394N,  871W,   0,    0,   ,   0,    ,    0,    0,    0,    0, 
AL, 95, 2024091500, 03, TABS, 144, 395N,  878W,   0,    0,   ,   0,    ,    0,    0,    0,    0, 
AL, 95, 2024091500, 03, TABS, 150, 401N,  884W,   0,    0,   ,   0,    ,    0,    0,    0,    0, 
AL, 95, 2024091500, 03, TABS, 156, 413N,  887W,   0,    0,   ,   0,    ,    0,    0,    0,    0, 
AL, 95, 2024091500, 03, TABS, 162, 429N,  889W,   0,    0,   ,   0,    ,    0,    0,    0,    0, 
AL, 95, 2024091500, 03, TABS, 168, 445N,  893W,   0,    0,   ,   0,    ,    0,    0,    0,    0, 
AL, 95, 2024091500, 03, TCLP,   0, 308N,  759W,  25,    0,   ,   0,    ,    0,    0,    0,    0, 
AL, 95, 2024091500, 03, TCLP,  12, 310N,  763W,  26,    0,   ,   0,    ,    0,    0,    0,    0, 
AL, 95, 2024091500, 03, TCLP,  24, 314N,  767W,  27,    0,   ,   0,    ,    0,    0,    0,    0, 
AL, 95, 2024091500, 03, TCLP,  36, 320N,  769W,  28,    0,   ,   0,    ,    0,    0,    0,    0, 
AL, 95, 2024091500, 03, TCLP,  48, 328N,  771W,  30,    0,   ,   0,    ,    0,    0,    0,    0, 
AL, 95, 2024091500, 03, TCLP,  60, 338N,  772W,  31,    0,   ,   0,    ,    0,    0,    0,    0, 
AL, 95, 2024091500, 03, TCLP,  72, 348N,  772W,  29,    0,   ,   0,    ,    0,    0,    0,    0, 
AL, 95, 2024091500, 03, TCLP,  84, 360N,  770W,  28,    0,   ,   0,    ,    0,    0,    0,    0, 
AL, 95, 2024091500, 03, TCLP,  96, 372N,  767W,  27,    0,   ,   0,    ,    0,    0,    0,    0, 
AL, 95, 2024091500, 03, TCLP, 108, 385N,  763W,  27,    0,   ,   0,    ,    0,    0,    0,    0, 
AL, 95, 2024091500, 03, TCLP, 120, 398N,  756W,  27,    0,   ,   0,    ,    0,    0,    0,    0, 
AL, 95, 2024091500, 03, TCLP, 132, 413N,  748W,  27,    0,   ,   0,    ,    0,    0,    0,    0, 
AL, 95, 2024091500, 03, TCLP, 144, 428N,  738W,  27,    0,   ,   0,    ,    0,    0,    0,    0, 
AL, 95, 2024091500, 03, XTRP,   0, 308N,  759W,   0,    0,   ,   0,    ,    0,    0,    0,    0, 
AL, 95, 2024091500, 03, XTRP,  12, 309N,  762W,   0,    0,   ,   0,    ,    0,    0,    0,    0, 
AL, 95, 2024091500, 03, XTRP,  24, 310N,  766W,   0,    0,   ,   0,    ,    0,    0,    0,    0, 
AL, 95, 2024091500, 03, XTRP,  36, 311N,  770W,   0,    0,   ,   0,    ,    0,    0,    0,    0, 
AL, 95, 2024091500, 03, XTRP,  48, 312N,  774W,   0,    0,   ,   0,    ,    0,    0,    0,    0, 
AL, 95, 2024091500, 03, XTRP,  60, 313N,  778W,   0,    0,   ,   0,    ,    0,    0,    0,    0, 
AL, 95, 2024091500, 03, XTRP,  72, 314N,  782W,   0,    0,   ,   0,    ,    0,    0,    0,    0, 
AL, 95, 2024091500, 03, XTRP,  84, 315N,  786W,   0,    0,   ,   0,    ,    0,    0,    0,    0, 
AL, 95, 2024091500, 03, XTRP,  96, 316N,  790W,   0,    0,   ,   0,    ,    0,    0,    0,    0, 
AL, 95, 2024091500, 03, XTRP, 108, 317N,  794W,   0,    0,   ,   0,    ,    0,    0,    0,    0, 
AL, 95, 2024091500, 03, XTRP, 120, 318N,  798W,   0,    0,   ,   0,    ,    0,    0,    0,    0, 
AL, 95, 2024091500, 03, XTRP, 132, 319N,  802W,   0,    0,   ,   0,    ,    0,    0,    0,    0, 
AL, 95, 2024091500, 03, XTRP, 144, 320N,  806W,   0,    0,   ,   0,    ,    0,    0,    0,    0, 
AL, 95, 2024091500, 03, XTRP, 156, 321N,  810W,   0,    0,   ,   0,    ,    0,    0,    0,    0, 
AL, 95, 2024091500, 03, XTRP, 168, 322N,  815W,   0,    0,   ,   0,    ,    0,    0,    0,    0, 
